-0.8458904109589042,-0.9589041095890412
-0.8510125970125327,-0.9554794520547946
-0.8537218542848541,-0.9510726662630911
-0.8561643835616438,-0.945543669365234
-0.8561643835616438,-0.9390029437144374
-0.8561643835616438,-0.9324622180636408
-0.8561643835616438,-0.9259214924128443
-0.8561643835616438,-0.9193807667620476
-0.8561643835616438,-0.9128400411112509
-0.8561643835616438,-0.9062993154604542
-0.8561643835616438,-0.8997585898096575
-0.8561643835616438,-0.8932178641588608
-0.8561643835616438,-0.8866771385080643
-0.8561643835616438,-0.8801364128572677
-0.8561643835616438,-0.8735956872064711
-0.8527397260273972,-0.8684735011528427
-0.8527397260273972,-0.8619327755020457
-0.8527397260273972,-0.8553920498512494
-0.8527397260273972,-0.8488513242004526
-0.8527397260273972,-0.842310598549656
-0.8527397260273972,-0.8357698728988593
-0.8527397260273972,-0.8292291472480627
-0.8508630334070091,-0.8234657731330366
-0.8493150684931509,-0.8175662355436375
-0.8493150684931509,-0.8110255098928408
-0.8493150684931509,-0.8044847842420442
-0.8493150684931509,-0.7979440585912477
-0.8493150684931509,-0.7914033329404511
-0.8493150684931509,-0.7848626072896544
-0.8493150684931509,-0.7783218816388578
-0.8493150684931509,-0.7717811559880612
-0.8493150684931509,-0.7652404303372646
-0.8493150684931509,-0.7586997046864677
-0.8493150684931509,-0.7521589790356712
-0.8493150684931509,-0.7456182533848746
-0.8521952255682913,-0.740270527856366
-0.8527397260273972,-0.7339553416804495
-0.8527397260273972,-0.7274146160296528
-0.8539622071244319,-0.7213802586289928
-0.8561643835616438,-0.7157517043252277
-0.8583689929161353,-0.7101241577687961
-0.8595890410958905,-0.7040887926208026
-0.862775778707839,-0.6988680569085994
-0.8630136986301369,-0.6924258809163772
-0.8664383561643836,-0.6873036948627489
-0.8693859573953944,-0.6819839056183045
-0.8715893502912461,-0.6763558551882062
-0.8737927431870977,-0.6707278047581078
-0.8767123287671232,-0.6653964110510667
-0.8801369863013698,-0.6602742249974382
-0.8828245204403604,-0.6548467124363521
-0.8850279133362121,-0.6492186620062538
-0.8872313062320638,-0.6435906115761554
-0.8904109589041096,-0.6383669411857561
-0.8938356164383562,-0.6332447551321275
-0.8962630834853265,-0.6277095192543997
-0.8972602739726029,-0.6215818434277023
-0.9006698692770299,-0.6164534183942031
-0.9006849315068493,-0.6099189317232773
-0.9041095890410958,-0.6047967456696487
-0.9041095890410958,-0.598256020018852
-0.9070618422947295,-0.5929381577052705
-0.9075342465753425,-0.5865931083144268
-0.9090470295207256,-0.5806789978765347
-0.9109589041095889,-0.5749301966100018
-0.9109589041095889,-0.5683894709592051
-0.9132356096425736,-0.5627917876177004
-0.9143835616438356,-0.5567265592547799
-0.9143835616438356,-0.5501858336039832
-0.9143835616438356,-0.5436451079531867
-0.9172059840945658,-0.5382734679602288
-0.9178082191780822,-0.5319821962487615
-0.9178082191780822,-0.5254414705979649
-0.9178082191780822,-0.5189007449471683
-0.9178082191780822,-0.5123600192963718
-0.918536554310995,-0.5061209799355804
-0.9212328767123289,-0.5006971075919465
-0.9212328767123289,-0.4941563819411499
-0.9212328767123289,-0.48761565629035325
-0.9212328767123289,-0.48107493063955664
-0.9212328767123289,-0.47453420498876003
-0.9212328767123289,-0.46799347933796337
-0.9212328767123289,-0.46145275368716665
-0.9212328767123289,-0.4549120280363701
-0.9214159004137092,-0.44844711328492093
-0.9246575342465753,-0.443249116331945
-0.9246575342465753,-0.4367083906811483
-0.9246575342465753,-0.4301676650303517
-0.9246575342465753,-0.42362693937955503
-0.9246575342465753,-0.4170862137287583
-0.9246575342465753,-0.41054548807796176
-0.9246575342465753,-0.40400476242716515
-0.9246575342465753,-0.39746403677636855
-0.928082191780822,-0.3923418507227401
-0.928082191780822,-0.3858011250719435
-0.928082191780822,-0.3792603994211468
-0.928082191780822,-0.37271967377035015
-0.928082191780822,-0.3661789481195535
-0.928082191780822,-0.35963822246875693
-0.928082191780822,-0.3530974968179602
-0.9261317810370878,-0.34736465774941655
-0.9246575342465753,-0.34143458511353514
-0.9246575342465753,-0.33489385946273853
-0.9219432009152398,-0.3294774474905824
-0.9212328767123289,-0.3232309477583134
-0.9199580136892438,-0.3172182876618465
-0.9178082191780822,-0.31156803605388833
-0.9178082191780822,-0.3050273104030918
-0.9143835616438356,-0.2999051243494632
-0.9111444421058368,-0.2947060859414533
-0.9109589041095889,-0.28824221264503813
-0.9075342465753425,-0.28312002659140956
-0.9045342634182817,-0.2778219346511585
-0.90233087052243,-0.27219388422106017
-0.9036639839528278,-0.2675688927595011
-0.9082889754143868,-0.26294390129794204
-0.912913966875946,-0.258318909836383
-0.9185420173060442,-0.25611551694053125
-0.9231670087676033,-0.25149052547897216
-0.925370401663455,-0.2458624750488739
-0.929995393125014,-0.24123748358731478
-0.934620384586573,-0.23661249212575572
-0.9383561643835616,-0.2316191771329113
-0.9414487689439838,-0.22635945023409834
-0.9436521618398355,-0.22073139980400014
-0.9458555547356872,-0.21510334937390185
-0.9486301369863013,-0.2097118933212292
-0.952054794520548,-0.2045897072676007
-0.9548873319889496,-0.19922225705214613
-0.9554794520547946,-0.19292679556317568
-0.9589041095890413,-0.18780460950954722
-0.9590759121107976,-0.181335046793312
-0.9623287671232876,-0.17614169780512215
-0.9623287671232876,-0.16960097215432557
-0.9656860907983527,-0.16445089550301706
-0.9657534246575343,-0.15793806044990033
-0.9691780821917809,-0.15281587439627187
-0.9691780821917809,-0.14627514874547504
-0.969656465250345,-0.1399325758455453
-0.9726027397260273,-0.1346122370410502
-0.9726027397260273,-0.12807151139025338
-0.973845045372193,-0.12204536558671115
-0.976027397260274,-0.11640859968582834
-0.976027397260274,-0.1098678740350317
-0.976027397260274,-0.1033271483842351
-0.976027397260274,-0.0967864227334383
-0.9775972141543295,-0.09089593653060193
-0.9794520547945206,-0.08512351102901343
-0.9794520547945206,-0.07858278537821661
-0.9794520547945206,-0.07204205972742002
-0.9794520547945206,-0.06550133407662341
-0.9794520547945206,-0.05896060842582677
-0.9777729323224305,-0.05311539807585524
-0.976027397260274,-0.04729769672140174
-0.976027397260274,-0.0407569710706051
-0.9760059507662902,-0.03422512884848191
-0.9726027397260273,-0.029094059366179863
-0.9726027397260273,-0.022553333715383258
-0.9693957720787348,-0.017340977558186976
-0.9671923791828834,-0.011712927128088737
-0.9649889862870314,-0.006084876697990294
-0.9623287671232876,-0.0006460499037013179
-0.9589041095890413,0.004476136149927127
-0.955957209033769,0.009796215623765252
-0.9537538161379173,0.01542426605386349
-0.9491288246763583,0.020049257515422542
-0.9445038332147992,0.024674248976981596
-0.9398788417532401,0.029299240438540628
-0.9352538502916808,0.03392423190009987
-0.930628858830122,0.03854922336165892
-0.926003867368563,0.04317421482321796
-0.921378875907004,0.047799206284777004
-0.9157508254769056,0.05000259918062868
-0.9111258340153465,0.05462759064218772
-0.9054977835852482,0.05683098353803939
-0.8998697331551498,0.05903437643389126
-0.8944098808882232,0.06164383561643835
-0.8892876948345949,0.06506849315068491
-0.8839886408333941,0.06806615368715384
-0.8776247831301699,0.0684931506849315
-0.8725025970765413,0.07191780821917808
-0.8661014305745601,0.07225473380900167
-0.8608396853721162,0.07534246575342465
-0.8548453297143634,0.07666151960070502
-0.849176773667691,0.07876712328767123
-0.8426360480168946,0.07876712328767123
-0.8360953223660976,0.07876712328767123
-0.8309731363124692,0.08219178082191779
-0.8244324106616727,0.08219178082191779
-0.8178916850108761,0.08219178082191779
-0.8113509593600795,0.08219178082191779
-0.8048102337092828,0.08219178082191779
-0.7982695080584862,0.08219178082191779
-0.7917287824076895,0.08219178082191779
-0.785188056756893,0.08219178082191779
-0.7786473311060963,0.08219178082191779
-0.7721066054552996,0.08219178082191779
-0.765565879804503,0.08219178082191779
-0.7590251541537063,0.08219178082191779
-0.7527598152103199,0.08285662314584463
-0.7473622424492812,0.08561643835616438
-0.7408215167984845,0.08561643835616438
-0.734280791147688,0.08561643835616438
-0.7277400654968912,0.08561643835616438
-0.7211993398460946,0.08561643835616438
-0.714979276755573,0.08639058625812555
-0.7095364281416696,0.08904109589041097
-0.7029957024908728,0.08904109589041097
-0.6964549768400764,0.08904109589041097
-0.6899142511892797,0.08904109589041097
-0.6847920651356512,0.09246575342465753
-0.6782513394848545,0.09246575342465753
-0.671710613834058,0.09246575342465753
-0.6651698881832614,0.09246575342465753
-0.6600477021296328,0.0958904109589041
-0.653506976478836,0.0958904109589041
-0.6469662508280397,0.0958904109589041
-0.6414243177831579,0.09830170961410233
-0.6353033391236145,0.09931506849315068
-0.6287626134728178,0.09931506849315068
-0.6235371075243239,0.10249028973594998
-0.6170997017683927,0.10273972602739725
-0.611277947695588,0.10447547696194612
-0.6054367900639677,0.10616438356164383
-0.5990187878668523,0.10646066418794228
-0.5937738783595425,0.1095890410958904
-0.5872331527087459,0.1095890410958904
-0.5821109666551173,0.11301369863013698
-0.5755702410043209,0.11301369863013698
-0.5698754767478215,0.11505603010149347
-0.5639073292998955,0.11643835616438356
-0.5586193758876248,0.11946281589319702
-0.5529913254575265,0.12166620878904869
-0.547122231541842,0.1232876712328767
-0.54173522459733,0.12607299458075222
-0.535459319837417,0.1267123287671233
-0.5303371337837887,0.13013698630136986
-0.5248510733070351,0.13268317326830742
-0.5186742220793633,0.13356164383561642
-0.5135520360257348,0.136986301369863
-0.5079669220167401,0.13929335195586262
-0.5023388715866418,0.1414967448517143
-0.49676693826768137,0.14383561643835616
-0.49164475221405296,0.14726027397260272
-0.4864577792648861,0.1505285221049769
-0.48082972883478786,0.15273191500082856
-0.4752016784046897,0.15493530789668022
-0.47057668694313065,0.1595602993582393
-0.46494863651303214,0.16176369225409112
-0.459493096295114,0.1643835616438356
-0.45437091024148546,0.16780821917808217
-0.44906754419127665,0.17079546950735353
-0.45313373583837413,0.17465753424657535
-0.45944883064152287,0.1741128131940936
-0.4647966475427993,0.17123287671232876
-0.46991883359642783,0.16780821917808217
-0.4753299229632786,0.16508103594083104
-0.4815817453008528,0.1643835616438356
-0.4867039313544811,0.16095890410958905
-0.49221407425357333,0.15847085725327606
-0.49836684305890633,0.15753424657534246
-0.503489029112535,0.1541095890410959
-0.5100297547633317,0.1541095890410959
-0.5151519408169599,0.1506849315068493
-0.5213573853726041,0.14987549133972466
-0.5268148525213848,0.14726027397260272
-0.5326134862328006,0.14546870554802133
-0.5382415366628991,0.14326531265216944
-0.5435999502794387,0.1404109589041096
-0.5501406759302353,0.1404109589041096
-0.5552628619838637,0.136986301369863
-0.5618035876346604,0.136986301369863
-0.5673848477819297,0.13466994673861826
-0.5734664993390853,0.13356164383561642
-0.5796440076106656,0.1326847595126221
-0.5851294110435105,0.13013698630136986
-0.591670136694307,0.13013698630136986
-0.5967923227479356,0.1267123287671233
-0.6033330483987323,0.1267123287671233
-0.6087873187296963,0.12408939359907092
-0.6149959601031574,0.1232876712328767
-0.6215366857539539,0.1232876712328767
-0.6266745289885305,0.1199008134772229
-0.6331995974583793,0.11986301369863014
-0.6397403231091756,0.11986301369863014
-0.6462810487599725,0.11986301369863014
-0.6514032348136009,0.11643835616438356
-0.6579439604643974,0.11643835616438356
-0.664484686115194,0.11643835616438356
-0.6710254117659908,0.11643835616438356
-0.6775661374167875,0.11643835616438356
-0.682688323470416,0.11301369863013698
-0.6892290491212125,0.11301369863013698
-0.6957697747720092,0.11301369863013698
-0.7023105004228059,0.11301369863013698
-0.7088512260736022,0.11301369863013698
-0.7153919517243991,0.11301369863013698
-0.7219326773751957,0.11301369863013698
-0.7284734030259924,0.11301369863013698
-0.7350141286767887,0.11301369863013698
-0.7415548543275857,0.11301369863013698
-0.7480955799783823,0.11301369863013698
-0.7546363056291789,0.11301369863013698
-0.7611770312799755,0.11301369863013698
-0.767717756930772,0.11301369863013698
-0.7741747503144977,0.11321584620490871
-0.7793806686351972,0.11643835616438356
-0.7859213942859938,0.11643835616438356
-0.7920619605733318,0.11740442632675654
-0.797584305990419,0.11986301369863014
-0.8041250316412155,0.11986301369863014
-0.8092472176948441,0.1232876712328767
-0.8155772212622642,0.12379639934445584
-0.8209101293992694,0.1267123287671233
-0.8268333221224607,0.1282031851361594
-0.8324613725525593,0.13040657803201125
-0.8376952271573226,0.13356164383561642
-0.8428174132109515,0.136986301369863
-0.8483424648743145,0.13943835528527365
-0.8539705153044129,0.14164174818112532
-0.858595506765972,0.14626673964268436
-0.8642235571960706,0.14847013253853622
-0.8698468830762616,0.1506849315068493
-0.8744765990877277,0.15529851689594695
-0.8800912551835184,0.15753424657534246
-0.8847296409793851,0.16212690125335766
-0.8893546324409441,0.1667518927149167
-0.8939796239025032,0.17137688417647576
-0.8986046153640622,0.17600187563803477
-0.9032296068256213,0.18062686709959383
-0.9078545982871803,0.18525185856115287
-0.9131094783645817,0.18835616438356165
-0.9156860416131304,0.193083301887103
-0.9203110330746894,0.19770829334866202
-0.9249360245362485,0.20233328481022128
-0.9295610159978075,0.20695827627178012
-0.9341860074593665,0.2115832677333392
-0.9363894003552182,0.21721131816343742
-0.9410143918167773,0.22183630962499648
-0.943217784712629,0.2274643600550949
-0.9478427761741883,0.23208935151665414
-0.95004616907004,0.23771740194675237
-0.9546711605315991,0.24234239340831143
-0.9568745534274508,0.2479704438384097
-0.9590779463233025,0.2535984942685077
-0.9623287671232876,0.258792685855106
-0.9657534246575343,0.26391487190873464
-0.9681097235765649,0.26947958659026366
-0.9691780821917809,0.27557778361315954
-0.9725165093682685,0.2807356874504601
-0.9726027397260273,0.2872406953175848
-0.976027397260274,0.2923628813712134
-0.976027397260274,0.29890360702200985
-0.976027397260274,0.30544433267280646
-0.976027397260274,0.31198505832360307
-0.976027397260274,0.31852578397439985
-0.976027397260274,0.32506650962519645
-0.976027397260274,0.3316072352759931
-0.976027397260274,0.33814796092678945
-0.976027397260274,0.34468868657758633
-0.976027397260274,0.35122941222838316
-0.976027397260274,0.3577701378791795
-0.9769446313572674,0.36393093272713056
-0.9794520547945206,0.3694330495836048
-0.9794520547945206,0.37597377523440134
-0.9828767123287673,0.38109596128802964
-0.9828767123287673,0.3876366869388264
-0.9855399972708188,0.39307424384616113
-0.9863013698630136,0.3992995986432515
-0.9897260273972603,0.4044217846968799
-0.9897260273972603,0.41096251034767656
-0.9919319702885181,0.4165895045350935
-0.9931506849315069,0.42262542205210163
-0.9963387560802217,0.42784560539529026
-0.9965753424657533,0.4342883337565269
-1,0.43941051981015533
-1,0.4459512454609521
-1,0.45249197111174855
-1,0.45903269676254516
-0.9977056822417899,0.46462308488149767
-0.9965753424657533,0.4706956084669704
-0.9932988964500865,0.47587918574169424
-0.9910955035542348,0.48150723617179264
-0.9864705120926756,0.4861322276333519
-0.9828767123287673,0.49118435268148414
-0.9796421277352648,0.49638526952500917
-0.9750171362737058,0.501010260986568
-0.9703921448121468,0.5056352524481272
-0.9657671533505876,0.5102602439096863
-0.9623287671232876,0.5153767433524582
-0.9589387689931769,0.5205132858013436
-0.9554794520547946,0.5256211154597152
-0.9521103846357661,0.5307663276930009
-0.952054794520548,0.5372840271641404
-0.952054794520548,0.5438247528149371
-0.952054794520548,0.5503654784657338
-0.952054794520548,0.5569062041165304
-0.952054794520548,0.5634469297673268
-0.952054794520548,0.5699876554181234
-0.9487946271933406,0.5751779755463853
-0.9486301369863013,0.5816505671225487
-0.9468094399673446,0.5874371353751211
-0.9452054794520549,0.5933134788269737
-0.9424026541756413,0.5986932362353178
-0.9401992612797896,0.6043212866654161
-0.9379958683839379,0.6099493370955144
-0.9333708769223789,0.6145743285570734
-0.9311674840265272,0.6202023789871716
-0.9265424925649681,0.6248273704487306
-0.921917501103409,0.6294523619102896
-0.9172925096418497,0.6340773533718489
-0.9126675181802907,0.6387023448334079
-0.9080425267187315,0.643327336294967
-0.9024144762886335,0.6455307291908187
-0.8967864258585352,0.6477341220866704
-0.8914679654895551,0.6506849315068494
-0.8863457794359265,0.654109589041096
-0.8809053335367795,0.656765899339933
-0.8746828677315013,0.6575342465753424
-0.869560681677873,0.660958904109589
-0.863019956027076,0.660958904109589
-0.8564792303762795,0.660958904109589
-0.849938504725483,0.660958904109589
-0.8433977790746864,0.660958904109589
-0.8368570534238898,0.660958904109589
-0.8303163277730928,0.660958904109589
-0.8251941417194646,0.6575342465753424
-0.818653416068668,0.6575342465753424
-0.8129784249944626,0.6554441784191201
-0.8069905043642429,0.654109589041096
-0.8017223241342661,0.6510373926274167
-0.7953275926598178,0.6506849315068494
-0.7902054066061891,0.6472602739726027
-0.7838351138754319,0.6468488125055691
-0.7785424949017643,0.6438356164383563
-0.7725790130152353,0.6424420267138653
-0.7669509625851371,0.6402386338180139
-0.7617573971437106,0.636986301369863
-0.7566352110900822,0.6335616438356164
-0.7510698702633815,0.6312068565647513
-0.744972299385657,0.6301369863013699
-0.7398137694031848,0.6268000707730478
-0.7341857189730866,0.6245966778771961
-0.7285576685429882,0.6223932849813444
-0.723065015573975,0.6198630136986303
-0.7179428295203465,0.6164383561643836
-0.7126765762212326,0.6133615077280818
-0.7070485257911343,0.6111581148322301
-0.7014204753610359,0.6089547219363785
-0.6960355457086644,0.6061643835616438
-0.6909133596550361,0.6027397260273972
-0.6855393830392802,0.5999229446831159
-0.679911332609182,0.5977195517872642
-0.6742832821790838,0.5955161588914125
-0.669006075843354,0.5924657534246576
-0.6638838897897253,0.589041095890411
-0.658402189857328,0.58648438163815
-0.6536395176824685,0.5821917808219178
-0.6481491479656707,0.5796559972807394
-0.6425210975355725,0.5774526043848877
-0.6368930471054741,0.5752492114890357
-0.6317322338707865,0.571917808219178
-0.6266400052138167,0.5684208271316251
-0.6214878617635295,0.565068493150685
-0.6163656757099014,0.5616438356164384
-0.6107589128920611,0.5593890498783625
-0.6051308624619627,0.5571856569825108
-0.6005058710004036,0.5525606655209517
-0.5948778205703055,0.5503572726250998
-0.5893362058445907,0.547945205479452
-0.5846247786786481,0.5435288882676891
-0.5790918337373337,0.541095890410959
-0.5739696476837053,0.5376712328767124
-0.5687436863568924,0.5344971110144265
-0.5637252755764482,0.5308219178082192
-0.5584906444652351,0.5276687266570158
-0.5534809034691914,0.523972602739726
-0.5482376025735778,0.5208403422996052
-0.5426095521434795,0.5186369494037535
-0.5379845606819202,0.5140119579421942
-0.5323565102518221,0.5118085650463425
-0.527731518790263,0.5071835735847835
-0.5221034683601647,0.5049801806889318
-0.5174784768986055,0.5003551892273725
-0.5118504264685074,0.4981517963315211
-0.5072254350069482,0.49352680486996187
-0.5015973845768499,0.4913234119741102
-0.49697239311529084,0.4866984205125512
-0.4913443426851926,0.4844950276166995
-0.4867193512236335,0.47987003615514046
-0.4810913007935352,0.4776666432592886
-0.4764663093319763,0.4730416517977297
-0.471525926611136,0.4691780821917808
-0.46621326744031905,0.46621326744031905
-0.4615882759787598,0.4615882759787598
-0.4569632845172007,0.4569632845172007
-0.45233829305564144,0.45233829305564144
-0.44671024262554326,0.45013490015978985
-0.4420852511639842,0.4455099086982308
-0.43746025970242514,0.4408849172366717
-0.4328352682408661,0.4362599257751127
-0.42821027677930706,0.4382280793850765
-0.4301574996781885,0.44385612981517475
-0.43236089257404015,0.44948418024527304
-0.4349315068493151,0.4549601225996209
-0.4383561643835616,0.4600823086532495
-0.44139266982730274,0.46536527256702875
-0.44178082191780826,0.47174522035767436
-0.4452054794520548,0.476867406411303
-0.44800284851485794,0.48224942385732367
-0.45020624141070964,0.4878774742874219
-0.4524096343065612,0.4935055247175202
-0.4554794520547945,0.4987746902229851
-0.45681642009826456,0.5047616255777166
-0.45901981299411665,0.5103896760078153
-0.46232876712328763,0.515559787981039
-0.4657534246575343,0.5206819740346671
-0.4680515902473787,0.5262707683295704
-0.4702549831432309,0.5318988187596693
-0.4726027397260274,0.5374670717927209
-0.476027397260274,0.542589257846349
-0.47928676039649293,0.5477799110814244
-0.48149015329234474,0.5534079615115228
-0.4861151447539042,0.5580329529730823
-0.4883185376497559,0.5636610034031806
-0.49052193054560717,0.5692890538332784
-0.4931506849315068,0.5747409137652878
-0.4965753424657534,0.5798630998189168
-0.4995537077988697,0.5851701461550342
-0.5034246575342466,0.590107471926173
-0.506382092156281,0.595423188046692
-0.5085854850521327,0.6010512384767903
-0.510788877947984,0.6066792889068882
-0.5136986301369864,0.612014755737855
-0.5171232876712328,0.6171369417914835
-0.519820655201247,0.6225603812286442
-0.5205479452054795,0.628799853495909
-0.5218058424272429,0.6348195410573799
-0.5215143715906497,0.6394445325189394
-0.516792492452794,0.6438356164383563
-0.5102582707304536,0.6438199145660699
-0.5056332792688946,0.639194923104511
-0.5010082878073351,0.6345699316429515
-0.4965753424657534,0.6298653920738967
-0.49417990344992435,0.6243168897512943
-0.4897260273972603,0.6196210199666407
-0.4873515190925135,0.6140638478596367
-0.48287671232876717,0.6093766478593824
-0.4805231347351027,0.6038108059679795
-0.476027397260274,0.5991322757521262
-0.473694750377692,0.5935577640763222
-0.4714913574818404,0.587929713646224
-0.4691780821917808,0.5823471779940723
-0.4646629731244297,0.5776766717545666
-0.46232876712328763,0.5721028058868155
-0.4589041095890411,0.5669806198331866
-0.45563119587116707,0.5617955794328109
-0.4534278029753158,0.556167529002713
-0.4488028115137564,0.5515425375411536
-0.4465994186179043,0.545914487111055
-0.4443960257220526,0.5402864366809568
-0.44178082191780826,0.5348289639142486
-0.4375676413646419,0.5300333947892995
-0.4349315068493151,0.5245845918069909
-0.4307392570072312,0.5197803528976421
-0.4280821917808219,0.5143402196997349
-0.4246575342465753,0.5092180336461058
-0.42170747975396855,0.5038992605758864
-0.41950408685811696,0.4982712101457882
-0.41487909539655854,0.49364621868422975
-0.41267570250070623,0.48801816825413086
-0.40805071103914653,0.48339317679257127
-0.40584731814329555,0.4777651263624736
-0.4012223266817365,0.47314013490091456
-0.3990189337858846,0.4675120844708161
-0.39439394232432523,0.4628870930092567
-0.3897689508627667,0.45826210154769825
-0.38698630136986306,0.452873987056193
-0.38294056650535596,0.4492512143165618
-0.3801369863013699,0.45463065902366745
-0.3817401918890873,0.4605073151767585
-0.383943584784939,0.46613536560685676
-0.38698630136986306,0.4714157567817204
-0.3883503705766429,0.4773914664670538
-0.3905537634724943,0.4830195168971519
-0.39383561643835624,0.4882008545397737
-0.39383561643835624,0.49474158019057063
-0.39716394216004974,0.49990366818744697
-0.3972602739726027,0.5064044918949957
-0.39914912938604535,0.5121628280161824
-0.4006849315068493,0.5180674035994209
-0.4006849315068493,0.5246081292502177
-0.4006849315068493,0.531148854901014
-0.4006849315068493,0.5376895805518103
-0.4006849315068493,0.544230306202607
-0.4006849315068493,0.5507710318534047
-0.4041095890410959,0.5558932179070323
-0.4041095890410959,0.5624339435578285
-0.4041095890410959,0.568974669208626
-0.4041095890410959,0.5755153948594232
-0.4041095890410959,0.5820561205102192
-0.4041095890410959,0.5885968461610154
-0.4041095890410959,0.5951375718118124
-0.4041095890410959,0.6016782974626094
-0.4041095890410959,0.6082190231134056
-0.4041095890410959,0.6147597487642018
-0.4041095890410959,0.621300474414999
-0.4041095890410959,0.627841200065796
-0.4041095890410959,0.634381925716592
-0.4041095890410959,0.6409226513673884
-0.4041095890410959,0.6474633770181852
-0.4041095890410959,0.6540041026689829
-0.4006849315068493,0.6591262887226104
-0.4006849315068493,0.6656670143734068
-0.4006849315068493,0.672207740024204
-0.4006849315068493,0.6787484656750012
-0.4006849315068493,0.6852891913257971
-0.4006849315068493,0.6918299169765937
-0.4006849315068493,0.6983706426273903
-0.4006849315068493,0.7049113682781872
-0.4006849315068493,0.7114520939289836
-0.3972602739726027,0.7165742799826119
-0.3972602739726027,0.7231150056334087
-0.3972602739726027,0.7296557312842055
-0.3972602739726027,0.7361964569350019
-0.3972602739726027,0.7427371825857979
-0.3953492713894378,0.7484863450489184
-0.39383561643835624,0.7544000942902243
-0.39383561643835624,0.7609408199410201
-0.39383561643835624,0.767481545591817
-0.3938004955031529,0.7740077236749294
-0.39041095890410954,0.7791444572962424
-0.39041095890410954,0.7856851829470389
-0.39041095890410954,0.7922259085978353
-0.3874085224854534,0.7975229843638615
-0.38698630136986306,0.8038888203022612
-0.38698630136986306,0.8104295459530572
-0.3856415409293129,0.8164132535912351
-0.3835616438356164,0.8220924576574822
-0.3835616438356164,0.828633183308279
-0.3814529608074648,0.8343004638500694
-0.3801369863013699,0.8402960950127037
-0.37704617501576165,0.8455565647102655
-0.3767123287671233,0.8519590067171299
-0.3732876712328767,0.8570811927707573
-0.37285759489391423,0.8634437749690995
-0.3698630136986301,0.8687441044751829
-0.3664383561643835,0.873866290528811
-0.3638258176406511,0.8793248672908558
-0.3616224247447998,0.8849529177209536
-0.3594190318489476,0.8905809681510523
-0.3547940403873887,0.8952059596126113
-0.35259064749153685,0.9008340100427096
-0.34796565602997837,0.9054590015042682
-0.34334066456841894,0.9100839929658276
-0.3387156731068595,0.9147089844273871
-0.33409068164530104,0.9193339758889457
-0.32946569018374205,0.9239589673505048
-0.3248406987221826,0.9285839588120642
-0.31951067395906163,0.9315068493150686
-0.31458765683052503,0.935412343169475
-0.30926630185180554,0.9383561643835617
-0.30433461493886776,0.9422407275268856
-0.2990219297445479,0.9452054794520548
-0.29307851407867114,0.946647513318589
-0.28745046364857324,0.9488509062144402
-0.28223683198649474,0.952054794520548
-0.27619436278837617,0.9532576920061444
-0.27057392028206967,0.9554794520547946
-0.2649382619281799,0.9576644777978472
-0.25891100857764443,0.9589041095890412
-0.25237028292684743,0.9589041095890412
-0.2458295572760514,0.9589041095890412
-0.23928883162525522,0.9589041095890412
-0.2327481059744576,0.9589041095890412
-0.2262073803236606,0.9589041095890412
-0.2196666546728646,0.9589041095890412
-0.2138955046761583,0.9570461896076653
-0.20800374296843935,0.9554794520547946
-0.2026394038159612,0.9526394038159612
-0.19634083126401428,0.952054794520548
-0.19121864521038623,0.9486301369863014
-0.1847521935571273,0.9484508236941136
-0.17955573350596057,0.9452054794520548
-0.17443354745233233,0.9417808219178082
-0.16887110123537194,0.9394190464408513
-0.16324305080527332,0.9372156535449991
-0.15764844969427866,0.9349315068493151
-0.1519869499450766,0.9328088677532959
-0.14598553798985398,0.9315068493150686
-0.13944481233905717,0.9315068493150686
-0.13309668071770328,0.9310418861971552
-0.12778190063463174,0.928082191780822
-0.1212411749838357,0.928082191780822
-0.11470044933303869,0.928082191780822
-0.10815972368224189,0.928082191780822
-0.10161899803144528,0.928082191780822
-0.09507827238064905,0.928082191780822
-0.08853754672985205,0.928082191780822
-0.08305698243422051,0.9255227358588782
-0.07742893200412246,0.9233193429630265
-0.07180088157402441,0.9211159500671751
-0.06717589011246478,0.9164909586056156
-0.06255089865090573,0.9118659671440565
-0.06034750575505407,0.9062379167139581
-0.058144112859203,0.9006098662838604
-0.05479452054794518,0.8954565871968071
-0.0513698630136986,0.8903344011431784
-0.0513698630136986,0.8837936754923821
-0.0493305412757957,0.878097664563467
-0.04794520547945205,0.872130763787957
-0.044923755484091776,0.8668415637032698
-0.04452054794520546,0.8604678520835315
-0.04109589041095888,0.8553456660299036
-0.04073517536224452,0.8489543534444366
-0.03767123287671229,0.8436827543254779
-0.034246575342465745,0.8385605682718492
-0.031703398108982164,0.8330732611226807
-0.02950000521313027,0.8274452106925824
-0.02487501375157084,0.8228202192310229
-0.019246963321472604,0.8206168263351713
-0.013618912891374535,0.81841343343932
-0.008463706873458472,0.815068493150685
-0.003341520819829635,0.8116438356164383
0.002262179430380994,0.8093816561860572
0.007890229860479436,0.8071782632902055
0.01344357693822345,0.8047945205479453
0.018565762991852287,0.8013698630136986
0.023771322182234968,0.798146486036943
0.029399372612333035,0.7959430931410916
0.03402436407389246,0.7913181016795325
0.03864935553545189,0.7866931102179731
0.04327434699701053,0.7820681187564144
0.04547773989286202,0.7764400683263161
0.05010273135442164,0.7718150768647567
0.05230612425027333,0.766187026434658
0.054794520547945216,0.760677028278917
0.058219178082191805,0.7555548422252883
0.06133790150353532,0.7503059341129029
0.06164383561643839,0.7438919305208626
0.06506849315068494,0.7387697444672346
0.06552648162538295,0.7324187238540689
0.06849315068493152,0.7271068327628092
0.06993326741708708,0.721162622993872
0.0719178082191781,0.7154439210583843
0.0719178082191781,0.7089031954075878
0.0719178082191781,0.7023624697567911
0.0753424657534247,0.6972402837031623
0.0753424657534247,0.6906995580523659
0.0753424657534247,0.6841588324015698
0.0753424657534247,0.6776181067507727
0.0753424657534247,0.671077381099976
0.0753424657534247,0.6645366554491795
0.0753424657534247,0.6579959297983834
0.0753424657534247,0.6514552041475865
0.0753424657534247,0.6449144784967891
0.0753424657534247,0.6383737528459928
0.0753424657534247,0.6318330271951966
0.0753424657534247,0.6252923015443997
0.0753424657534247,0.6187515758936031
0.07235316764877099,0.6134490580597299
0.0719178082191781,0.6070886641891783
0.0719178082191781,0.6005479385383815
0.07058618609263036,0.5945587888323564
0.06849315068493152,0.588885026833956
0.06849315068493152,0.5823443011831598
0.06639760597078288,0.5766715785735226
0.06506849315068494,0.5706813894787341
0.061990820179079545,0.5654154777133261
0.05978742728322769,0.5597874272832276
0.058219178082191805,0.5538962917206809
0.05538064149152414,0.5485313264230309
0.05317724859567249,0.5429032759929328
0.05097385569982121,0.5372752255628349
0.04634886423826158,0.5326502341012752
0.04414547134240989,0.527022183671177
0.041095890410958916,0.5217446358017417
0.03731708698499956,0.5167691417795202
0.03424657534246578,0.5115002636944848
0.03048870262758848,0.5065160998878625
0.025863711166029427,0.5018911084263034
0.02366031827017774,0.4962630579962051
0.019035326808618722,0.4916380665346461
0.016831933912766453,0.48601001610454725
0.01220694245120798,0.4813850246429888
0.007581950989648963,0.4767600331814298
0.0034246575342465847,0.4719413148626252
0.0007535666322376443,0.4665069912897719
-0.0038714248293212033,0.46188199982821304
-0.008496416290879676,0.45725700836665456
-0.013121407752439307,0.45263201690509497
-0.017746399213998735,0.4480070254435355
-0.02054794520547944,0.44262673813802295
-0.02457478357140886,0.4377539835518788
-0.02919977503296812,0.4331289920903196
-0.03382476649452734,0.4285040006287603
-0.03844975795608639,0.4238790091672013
-0.04307474941764503,0.41925401770564263
-0.04769974087920429,0.4146290262440834
-0.05232473234076392,0.4100040347825238
-0.05694972380232236,0.40537904332096525
-0.06157471526388121,0.40075405185940643
-0.06666827073004498,0.3972602739726027
-0.07182775715553912,0.39392566750199515
-0.07645274861709815,0.3893006760404361
-0.0810777400786566,0.38467568457887763
-0.08570273154021604,0.3800506931173182
-0.0908606614010194,0.3767123287671233
-0.09595577343187334,0.3732223087599075
-0.10058076489343237,0.3685973172983484
-0.10520575635499181,0.363972325836789
-0.11083380678509006,0.3617689329409373
-0.1154587982466491,0.35714394147937834
-0.1201752381256211,0.3527397260273973
-0.12571184013830639,0.3503155571219676
-0.13041961023287876,0.34589041095890416
-0.13596488202996368,0.34348717276455687
-0.14066398234013486,0.339041095890411
-0.14621792392162097,0.33665878840714614
-0.1509083544473933,0.3321917808219178
-0.15647096581327846,0.32983040404973524
-0.16209901624337614,0.3276270111538841
-0.16204311558273546,0.3230020196923245
-0.15595148502859657,0.3219178082191781
-0.15078701472253875,0.3252403825377352
-0.1442885733241719,0.3253424657534247
-0.13916638727054306,0.3287671232876712
-0.13390286343224383,0.3318505612252904
-0.12827481300214558,0.334053954121142
-0.12264676257204754,0.3362573470169936
-0.11725910345886113,0.339041095890411
-0.1121369174052323,0.3424657534246575
-0.1067656702502918,0.34528912427025615
-0.101892545297976,0.3493150684931507
-0.09651262835863451,0.3521175086276669
-0.09164817319071834,0.35616438356164387
-0.08625958646697722,0.35894589298507756
-0.08140380108346223,0.363013698630137
-0.07600654457531973,0.3657742773424885
-0.07138155311376049,0.3703992688040477
-0.06675656165220144,0.37502426026560676
-0.062131570190643,0.37964925172716524
-0.056503519760544144,0.3818526446230175
-0.05187852829898472,0.38647763608457697
-0.047253536837426245,0.39110262754613534
-0.04262854537586719,0.3957276190076944
-0.038003553914307764,0.40035261046925386
-0.033378562452748714,0.4049776019308129
-0.028753570991189865,0.40960259339237176
-0.026550178095338585,0.4152306438224696
-0.021925186633778956,0.4198556352840292
-0.017300195172219528,0.4244806267455887
-0.012675203710661056,0.42910561820714715
-0.008050212249102209,0.433730609668706
-0.00584681935325035,0.4393586600988044
-0.0012218278916909231,0.4439836515603639
0.003403163569868129,0.44860864302192294
0.008028155031426601,0.45323363448348136
0.01265314649298603,0.4578586259450408
0.01485653938883809,0.46348667637513946
0.019481530850396733,0.4681116678366981
0.024106522311955786,0.47273665929825714
0.02873151377351501,0.4773616507598164
0.03335650523507427,0.4819866422213756
0.03555989813092575,0.48761469265147367
0.04018488959248439,0.4922396841130323
0.04480988105404402,0.49686467557459196
0.04943487251560328,0.5014896670361513
0.05405986397716192,0.5061146584977099
0.058219178082191805,0.510932539836033
0.060888248334572626,0.5163677003893671
0.06551323979613205,0.5209926918509266
0.07013823125769093,0.5256176833124855
0.07476322271924958,0.5302426747740441
0.079388214180809,0.5348676662356036
0.08219178082191783,0.5402471165606363
0.08621659853821975,0.5451207081272608
0.0908415899997788,0.5497456995888198
0.09546658146133785,0.554370691050379
0.10009157292289725,0.5589956825119383
0.10471656438445609,0.5636206739734972
0.10934155584601474,0.5682456654350558
0.11396654730757419,0.5728706568966153
0.11859153876913366,0.5774956483581747
0.1232165302306921,0.5821206398197332
0.12784152169225116,0.5867456312812922
0.13246651315381053,0.5913706227428517
0.13713508122646403,0.595890410958904
0.14271955504546785,0.5981990071002624
0.1473445465070263,0.6028239985618208
0.15196953796858576,0.6074489900233803
0.15659452943014537,0.6120739814849399
0.16222257986024302,0.614277374380791
0.16684757132180209,0.61890236584235
0.17157184400469536,0.6232876712328766
0.17710061321345993,0.6257307501997613
0.18181621611195223,0.6301369863013699
0.18735365510511665,0.6325591345571714
0.19298170553521513,0.6347625274530233
0.1986013138700059,0.636986301369863
0.20372349992363392,0.6404109589041096
0.20886279785697087,0.6437943047062858
0.215386411628059,0.6438356164383563
0.22050859768168785,0.6472602739726027
0.22704932333248407,0.6472602739726027
0.23237805854590304,0.6501862777239852
0.23871223503690914,0.6506849315068494
0.2452529606877061,0.6506849315068494
0.25179368633850274,0.6506849315068494
0.2583344119892988,0.6506849315068494
0.2645305465705518,0.6498530150732839
0.269997323693725,0.6472602739726027
0.27653804934452103,0.6472602739726027
0.2816602353981487,0.6438356164383563
0.2880458072594844,0.6434610420555841
0.29332314710257495,0.6404109589041096
0.29930190811968077,0.6390542562638809
0.30498605880699936,0.636986301369863
0.31055800897987745,0.6346474704721774
0.3166489705114252,0.6335616438356164
0.32281716880861333,0.6326622832461812
0.32831188221584934,0.6301369863013699
0.3348526078666463,0.6301369863013699
0.33997479392027535,0.6267123287671232
0.3465155195710718,0.6267123287671232
0.3519604799276439,0.6240669173326302
0.3581784312754964,0.6232876712328766
0.36330061732912544,0.6198630136986303
0.3698413429799215,0.6198630136986303
0.3749635290335501,0.6164383561643836
0.38010073207813555,0.6130499528533715
0.38572878250823417,0.6108465599575194
0.3913568329383321,0.608643167061668
0.39687081284523207,0.6061643835616438
0.40160987482998933,0.6018147827042573
0.4071151849524897,0.5993150684931506
0.4118629167216466,0.5949863983468465
0.4164879081832057,0.5903614068852875
0.4211128996447651,0.5857364154237281
0.42573789110632415,0.5811114239621691
0.42808219178082196,0.5755417394450296
0.4315068493150685,0.5704195533914019
0.4347696683595866,0.5652303316404134
0.4383561643835617,0.560175181284144
0.4415980527169972,0.554977289748756
0.4438014456128485,0.5493492393186581
0.44520547945205485,0.5433900835260909
0.4482082314045527,0.5380931384584611
0.4486301369863014,0.5317271718216658
0.45205479452054803,0.5266049857680377
0.45239681152640027,0.5202059281996272
0.4554794520547945,0.5149420740636121
0.45680359731810405,0.5089498273394305
0.4589041095890412,0.5032791623591877
0.4589041095890412,0.4967384367083908
0.4589041095890412,0.49019771105759385
0.4554794520547945,0.48507552500396556
0.454830854512135,0.4788034572518608
0.45205479452054803,0.47341261329954015
0.4480024701547235,0.46855041536020314
0.44520547945205485,0.4631682411922833
0.44117408579731354,0.4582973734685462
0.4365490943357537,0.4536723820069868
0.43192410287419436,0.44904739054542714
0.427299111412636,0.44442239908386894
0.42267411995107707,0.43979740762230984
0.41804912848951764,0.4351724161607504
0.4153429862597127,0.43054742469919133
0.4208625790013121,0.4280821917808219
0.42740330465210846,0.4280821917808219
0.43394403030290535,0.4280821917808219
0.4390662163565343,0.4246575342465753
0.4456069420073304,0.4246575342465753
0.4521476676581268,0.4246575342465753
0.45774851617601847,0.4223884701253514
0.46381057936255266,0.42123287671232873
0.47035130501334904,0.42123287671232873
0.47563572643485247,0.41819989000350394
0.4820142167177737,0.41780821917808225
0.4885549423685713,0.41780821917808225
0.49452599566222594,0.41643290844736314
0.5002178540729951,0.4143835616438356
0.5067585797237927,0.4143835616438356
0.5124132059210602,0.41224432832551494
0.5184214914282171,0.4109589041095891
0.5246723657497959,0.4102591410995191
0.5300844031326425,0.4075342465753425
0.5359284666099929,0.40585235530781555
0.541747314837068,0.4041095890410959
0.5481876264387282,0.4038671680818196
0.5534102265414926,0.4006849315068493
0.5594437272989254,0.3994603822901159
0.5650731382459176,0.3972602739726027
0.571613863896714,0.3972602739726027
0.5767360499503427,0.39383561643835624
0.5829589879878577,0.3930684092724162
0.5883989616547678,0.39041095890410954
0.593521147708396,0.38698630136986306
0.5998431392781525,0.38645823058486134
0.6051840594128218,0.3835616438356165
0.6103062454664501,0.3801369863013699
0.6167272905684467,0.3798480518973065
0.6219691571708752,0.3767123287671233
0.6270913432245038,0.3732876712328767
0.6326083828902029,0.37081627464404354
0.638236433320301,0.36861288174819223
0.6438644837504,0.36640948885234004
0.6489986270361856,0.363013698630137
0.6541208130898144,0.35958904109589035
0.6597455760721551,0.357377711599078
0.6643705675337145,0.3527527201375186
0.6694873712506999,0.3493150684931507
0.6746236094253718,0.3459243357801077
0.6792486008869303,0.341299344318549
0.6838735923484894,0.3366743528569898
0.6884985838100492,0.3320493613954304
0.6931235752716081,0.32742436993387153
0.6977485667331665,0.3227993784723128
0.702054794520548,0.31804235077371706
0.7045769510905778,0.312546336580655
0.7092019425521369,0.3079213451190961
0.7123287671232877,0.3026757926128322
0.7160303269095476,0.29766830322743887
0.719178082191781,0.29243142050557447
0.7228587112669581,0.28741526133578155
0.726027397260274,0.2821870483983184
0.7294520547945207,0.27706486234469035
0.7318904885202211,0.27153416901402583
0.7340938814160728,0.2659061185839274
0.7363013698630138,0.26027976458663565
0.7409222657734841,0.2556530766922695
0.743150684931507,0.250035392479378
0.7465753424657534,0.24491320642574996
0.7499540430267456,0.23977198437051436
0.7521574359225971,0.2341439339404167
0.7543608288184496,0.22851588351031768
0.7589858202800086,0.22389089204875878
0.7611892131758597,0.21826284161866097
0.7636986301369864,0.21276155050681114
0.768017597533271,0.20800979972700306
0.7705479452054794,0.20251717839955505
0.7748459818906812,0.19775675783534638
0.7773972602739727,0.19227280629229893
0.7816743662480923,0.1875037159436885
0.7862993577096513,0.18287872448212947
0.7909243491712104,0.1782537330205706
0.7931277420670626,0.1726256825904716
0.7977527335286216,0.1680006911289127
0.8023777249901807,0.16337569966735369
0.8070027164517397,0.15875070820579462
0.8116277079132974,0.15412571674423678
0.8167432136535568,0.1506849315068493
0.8218807498049565,0.1472973323868245
0.8265057412665141,0.14267234092526662
0.8311307327280746,0.1380473494637066
0.8357557241896331,0.13342235800214755
0.8409356043245305,0.13013698630136986
0.8460087660812899,0.1265939736447374
0.850633757542849,0.12196898218317836
0.8552587490044088,0.11734399072161834
0.8608867994345066,0.11514059782576706
0.8655117908960657,0.11051560636420821
0.8702501810491345,0.10616438356164383
0.8757648327877239,0.10368722200679692
0.8803898242492824,0.09906223054523787
0.8856167392100189,0.0958904109589041
0.8906428661409396,0.09223384618782775
0.8952678576024992,0.08760885472626811
0.9008959080325974,0.08540546183041645
0.9055208994941557,0.08078047036885778
0.9101458909557153,0.07615547890729854
0.9157739413858139,0.07395208601144668
0.9203989328473722,0.06932709454988821
0.9251756880418788,0.06506849315068491
0.9306519747390298,0.062498710192476915
0.9352769662005911,0.05787371873091592
0.9399019576621507,0.053248727269356484
0.945530008092249,0.05104533437350462
0.9501549995538094,0.04642034291194421
0.954779991015369,0.04179535145038458
0.9594049824769286,0.03717035998882456
0.9640299739384877,0.03254536852726552
0.9696580243685868,0.030341975631413255
0.9742830158301466,0.025716984169853248
0.9789080072917068,0.021091992708293414
0.9835329987532658,0.016467001246733986
0.9863013698630136,0.01107297245527472
0.9903613831106782,0.006213959355075129
0.9949863745722378,0.0015889678935153103
0.9996113660337983,-0.0030360235680445082
1,-0.009415771759240592
0.9943174751927014,-0.010273972602739738
0.988347679807322,-0.008895625012801153
0.9827196293772228,-0.006692232116948903
0.9775323774346463,-0.0034246575342465847
0.9724101913810166,-1.7037539946480596e-17
0.9668385370554663,0.002339545136314649
0.9612104866253671,0.0045429380321669165
0.9556250936229634,0.0068493150684931356
0.9505029075693324,0.01027397260273972
0.9453293943036105,0.013574715285430469
0.9388399958649075,0.013698630136986287
0.9337178098112773,0.017123287671232872
0.9284452430133142,0.020184893972987422
0.9228171925832156,0.0223882868688393
0.9171891421531172,0.02459167976469097
0.9118105259995941,0.02739726027397259
0.9059330412929197,0.02899846555639547
0.900147614295167,0.030821917808219176
0.8946769404327227,0.033405251348099206
0.888484702590741,0.034246575342465745
0.8833625165371127,0.03767123287671233
0.8768217908863157,0.03767123287671233
0.8716996048326869,0.041095890410958895
0.8655336293136907,0.04200061726165194
0.8600366931282609,0.04452054794520547
0.8534959674774643,0.04452054794520547
0.8483737814238355,0.04794520547945205
0.8418330557730375,0.04794520547945205
0.8353872592261185,0.04817438460949788
0.8301701440686126,0.05136986301369863
0.8236294184178156,0.05136986301369863
0.8175000489672852,0.052362964731344934
0.8119665067133895,0.0547945205479452
0.8054257810625938,0.0547945205479452
0.7988850554117966,0.0547945205479452
0.793762869358167,0.05821917808219178
0.7872221437073703,0.05821917808219178
0.7806814180565748,0.05821917808219178
0.7741406924057781,0.05821917808219178
0.7675999667549823,0.05821917808219178
0.7624777807013513,0.06164383561643835
0.7559370550505554,0.06164383561643835
0.7493963293997588,0.06164383561643835
0.7428556037489605,0.06164383561643835
0.736314878098165,0.06164383561643835
0.7297741524473681,0.06164383561643835
0.7232334267965725,0.06164383561643835
0.7166927011457757,0.06164383561643835
0.7101519754949784,0.06164383561643835
0.7041584336030421,0.060322817164686085
0.6984890637905535,0.05821917808219178
0.691948338139755,0.05821917808219178
0.6854076124889596,0.05821917808219178
0.6788668868381624,0.05821917808219178
0.6723261611873661,0.05821917808219178
0.66578543553657,0.05821917808219178
0.6606632494829393,0.0547945205479452
0.654122523832144,0.0547945205479452
0.6475817981813471,0.0547945205479452
0.6410410725305499,0.0547945205479452
0.634500346879753,0.0547945205479452
0.629378160826125,0.05136986301369863
0.6228374351753275,0.05136986301369863
0.6162967095245325,0.05136986301369863
0.6097559838737341,0.05136986301369863
0.6040790370360755,0.049284516488129974
0.598093072169309,0.04794520547945205
0.5915523465185114,0.04794520547945205
0.585011620867715,0.04794520547945205
0.5785576584100648,0.047735740601845614
0.57334870916329,0.04452054794520547
0.5668079835124938,0.04452054794520547
0.5602672578616958,0.04452054794520547
0.5540393387525915,0.043765366149851916
0.5486043461572709,0.041095890410958895
0.5420636205064729,0.041095890410958895
0.5355228948556773,0.041095890410958895
0.5295210190951193,0.0397949916978592
0.5238599831512522,0.03767123287671233
0.5173192575004549,0.03767123287671233
0.5107785318496582,0.03767123287671233
0.5050026994376472,0.0358246172458665
0.49911562014523275,0.034246575342465745
0.49257489449443476,0.034246575342465745
0.4860341688436392,0.034246575342465745
0.480484379780175,0.03185424279387378
0.4743712571392133,0.030821917808219176
0.4678305314884172,0.030821917808219176
0.4612898058376189,0.030821917808219176
0.45496300115416405,0.030305466907588622
0.44962689413319384,0.02739726027397259
0.4430861684823967,0.02739726027397259
0.43654544283159974,0.02739726027397259
0.43000471718080424,0.02739726027397259
0.4238135720980541,0.026553298125451423
0.41834180547637917,0.023972602739726026
0.41180107982558073,0.023972602739726026
0.4052603541747844,0.023972602739726026
0.3987196285239883,0.023972602739726026
0.3921789028731907,0.023972602739726026
0.38703609261184535,0.02059773644746177
0.3805159911687653,0.02054794520547944
0.37397526551796967,0.02054794520547944
0.36743453986717284,0.02054794520547944
0.3608938142163756,0.02054794520547944
0.35435308856557846,0.02054794520547944
0.34825249518855955,0.01948537190088841
0.3426901768611522,0.017123287671232872
0.3361494512103566,0.017123287671232872
0.32960872555955956,0.017123287671232872
0.3230679999087631,0.017123287671232872
0.3165272742579671,0.017123287671232872
0.3099865486071695,0.017123287671232872
0.30344582295637335,0.017123287671232872
0.2969050973055773,0.017123287671232872
0.2903643716547793,0.017123287671232872
0.28382364600398247,0.017123287671232872
0.27728292035318686,0.017123287671232872
0.2707421947023901,0.017123287671232872
0.2642014690515946,0.017123287671232872
0.25766074340079603,0.017123287671232872
0.2511200177500006,0.017123287671232872
0.2445792920992036,0.017123287671232872
0.23853281231733797,0.018316502751155216
0.23291638039477716,0.02054794520547944
0.22637565474398175,0.02054794520547944
0.2198349290931847,0.02054794520547944
0.21329420344238814,0.02054794520547944
0.20675347779159073,0.02054794520547944
0.2007522738625913,0.021850465863436124
0.19509056608716568,0.023972602739726026
0.18854984043636733,0.023972602739726026
0.18200911478557186,0.023972602739726026
0.1762339542051189,0.025820840315429035
0.17034620308114679,0.02739726027397259
0.16380547743034982,0.02739726027397259
0.15734368497774504,0.027587821871570085
0.15214256572592338,0.030821917808219176
0.14560184007512714,0.030821917808219176
0.13945647471890968,0.03177640199341908
0.13393892837070132,0.034246575342465745
0.12739820271990435,0.034246575342465745
0.12227601666627586,0.03767123287671233
0.11594121402997731,0.03816837501111859
0.11061310496184867,0.041095890410958895
0.10468511316977967,0.042575160802823094
0.09895019325742327,0.04452054794520547
0.09242595334104296,0.04456034802882004
0.08728728155299684,0.04794520547945205
0.08116985248084607,0.04896713382052377
0.07562436984857177,0.05136986301369863
0.06991375162064901,0.0533739196122277
0.06428570119054962,0.05557731250808054
0.058839272090517085,0.05821917808219178
0.0537170860368875,0.06164383561643835
0.047401549900253914,0.062187491195636525
0.042054174332461065,0.06506849315068491
0.036931988278831485,0.0684931506849315
0.0315204575784974,0.07121926844889989
0.025892407148399157,0.07342266134475156
0.020146890520777,0.07534246575342465
0.01463630628820108,0.07782944713645645
0.009008255858102467,0.08003284003230851
0.003380205428003035,0.08223623292816136
-0.001760393290907273,0.08561643835616438
-0.007875895432193646,0.08664301871986489
-0.01342330499533234,0.08904109589041097
-0.018545491048961756,0.09246575342465753
-0.023756987753951322,0.09567479597312943
-0.02938503818404939,0.09787818886898089
-0.035013088614147425,0.10008158176483238
-0.04045277486064739,0.10273972602739725
-0.04626918947434547,0.10448836755653727
-0.05189723990444391,0.10669176045238915
-0.05723787261870204,0.1095890410958904
-0.0623600586723301,0.11301369863013698
-0.06777833222620142,0.11572353770565347
-0.07402297037675652,0.11643835616438356
-0.07914515643038612,0.11986301369863014
-0.08466248351649791,0.12233371639321024
-0.09029053394659596,0.12453710928906171
-0.0959185843766938,0.126740502184913
-0.1010524402420702,0.13013698630136986
-0.10617462629569982,0.13356164383561642
-0.11179967669845169,0.1357722794381777
-0.11742772712855051,0.13797567233402996
-0.12295972405375447,0.1404109589041096
-0.12868382798874778,0.1423824581257341
-0.13330881945030723,0.14700744958729353
-0.13893686988040604,0.14921084248314578
-0.14486700786543893,0.1506849315068493
-0.15019297074060273,0.15361762827484932
-0.15582102117070215,0.15582102117070215
-0.1614490716008006,0.15802441406655404
-0.16677429167712382,0.16095890410958905
-0.1718964777307538,0.1643835616438356
-0.17733016392255807,0.1670561913198184
-0.18295821435265613,0.16925958421566983
-0.18858626478275495,0.17146297711152209
-0.1938037615424363,0.17465753424657535
-0.19883930667441402,0.17829136146893454
-0.2040481336496955,0.1815068493150685
-0.20917031970332514,0.18493150684931506
-0.2147203989961707,0.18732313872219813
-0.22034844942626955,0.18952653161805036
-0.22595541746137962,0.1917808219178082
-0.23060149131792743,0.19635491597546167
-0.23619978956863727,0.19863013698630136
-0.24085453320958627,0.20318330033287396
-0.24644416167589786,0.20547945205479454
-0.2515663477295259,0.20890410958904113
-0.25673562553134394,0.2122150775861385
-0.2618107198367851,0.21575342465753425
-0.2669886674230018,0.2190434619435498
-0.2720550919440426,0.2226027397260274
-0.2782447682831985,0.22175523171680148
-0.2808219178082192,0.2162819963515308
-0.2762283034485861,0.21232876712328766
-0.2709426325457297,0.20929879692929135
-0.2653145821156297,0.20709540403343793
-0.2596865316855317,0.20489201113758643
-0.2550615402239718,0.20026701967602664
-0.24943348979387378,0.19806362678017517
-0.2465753424657534,0.19270678451594575
-0.24260510543646074,0.1878105848885155
-0.23798011397490168,0.18318559342695645
-0.23335512251334184,0.17856060196539666
-0.22945205479452052,0.1736365798985949
-0.2265267381559294,0.16830756007373762
-0.2243233452600775,0.16267950964363914
-0.2226027397260274,0.15685148214054043
-0.2226027397260274,0.1503107564897448
-0.22255636370393667,0.14378924041626545
-0.21793137224237724,0.139164248954706
-0.2123033218122788,0.13696085605885414
-0.2071705959657298,0.13356164383561642
-0.20204840991210096,0.13013698630136986
-0.19642222949052132,0.12792907880558982
-0.19179723802896206,0.12330408734403057
-0.18668185175121368,0.11986301369863014
-0.18154419613730302,0.1164757029866181
-0.17691920467574299,0.11185071152505807
-0.1713152935903266,0.1095890410958904
-0.16666616278408417,0.1050223271676458
-0.16204117132252455,0.10039733570608618
-0.1574161798609653,0.09577234424452694
-0.15279118839940586,0.0911473527829675
-0.14816619693784622,0.08652236132140788
-0.14354120547628524,0.08189736985984687
-0.13891621401472617,0.07727237839828784
-0.13429122255316636,0.07264738693672801
-0.12966623109160597,0.06802239547516761
-0.12504123963004612,0.06339740401360779
-0.12041624816848709,0.058772412552048736
-0.11579125670692707,0.054147421090488715
-0.11116626524536763,0.049522429628929276
-0.10654127378380703,0.04489743816736868
-0.10191628232224778,0.040272446705809435
-0.09729129086068816,0.035647455244249816
-0.09266629939912698,0.031022463782688615
-0.08703824896902912,0.02881907088683734
-0.08241325750746929,0.02419407942527752
-0.07738281010074581,0.02054794520547944
-0.0721602156158114,0.017365695067866217
-0.06713843799348679,0.013698630136986287
-0.061907173724152574,0.010537310710453943
-0.056894065886228536,0.0068493150684931356
-0.05165413183249352,0.0037089263530414827
-0.04523115418180252,0.0034246575342465678
-0.0401089681281731,-1.7037539946480596e-17
-0.034769980542198015,-0.002901252334514314
-0.029141930112100152,-0.005104645230365593
-0.023323870370117086,-0.006849315068493152
-0.017885829251902276,-0.009511431022070298
-0.011660958665692599,-0.010273972602739738
-0.00562666942316583,-0.011496618248067043
0.0000019530387345801548,-0.013698630136986304
0.0065426786895300265,-0.013698630136986304
0.011664864743159647,-0.01712328767123289
0.018205590393955095,-0.01712328767123289
0.023516641695866355,-0.020091984161619787
0.029868502098381523,-0.020547945205479458
0.0364092277491785,-0.020547945205479458
0.04153141380280833,-0.02397260273972604
0.04807213945360514,-0.02397260273972604
0.05461286510440195,-0.02397260273972604
0.06029412118207423,-0.02604754583960847
0.06627577680882603,-0.027397260273972608
0.072816502459624,-0.027397260273972608
0.07935722811042101,-0.027397260273972608
0.08581549980808519,-0.02759632172589342
0.09102013981484744,-0.030821917808219194
0.09756086546564285,-0.030821917808219194
0.10410159111643982,-0.030821917808219194
0.11064231676723592,-0.030821917808219194
0.11596186989565622,-0.033770089073738394
0.12230522847166195,-0.03424657534246576
0.12884595412245892,-0.03424657534246576
0.13538667977325516,-0.03424657534246576
0.14148324852166833,-0.0353188649600245
0.14704959147768212,-0.03767123287671235
0.15359031712847782,-0.03767123287671235
0.1601310427792744,-0.03767123287671235
0.1666717684300702,-0.03767123287671235
0.17179395448370122,-0.041095890410958916
0.17833468013449663,-0.041095890410958916
0.18487540578529368,-0.041095890410958916
0.19141613143609065,-0.041095890410958916
0.1971509972352503,-0.043041408194154425
0.20307904314051614,-0.0445205479452055
0.20961976879131272,-0.0445205479452055
0.2161604944421084,-0.0445205479452055
0.22267237586126148,-0.044590184080439556
0.22782340614653537,-0.04794520547945208
0.2343641317973316,-0.04794520547945208
0.24090485744812898,-0.04794520547945208
0.24719069551873368,-0.048560558532432296
0.2525677691525546,-0.051369863013698634
0.25910849480335063,-0.051369863013698634
0.2642306808569801,-0.054794520547945216
0.27077140650777726,-0.054794520547945216
0.27633400663776586,-0.05715592444598501
0.2824343182122021,-0.058219178082191805
0.28759010749796354,-0.06156271023768954
0.29321815792806194,-0.0637661031335414
0.2988462083581602,-0.06596949602939306
0.3043416020238876,-0.06849315068493152
0.3090992502498181,-0.07279788038680438
0.3116438356164384,-0.07828460426813286
0.31506849315068497,-0.08340679032176111
0.31813102750308264,-0.08867897270856205
0.31849315068493156,-0.09506970202618772
0.31849315068493156,-0.10161042767698474
0.31849315068493156,-0.10815115332778018
0.31488489941478753,-0.1131972923660344
0.3102599079532283,-0.11782228382759366
0.3056349164916675,-0.12244727528915444
0.2994422942385243,-0.12328767123287675
0.2929015685877281,-0.12328767123287675
0.2863608429369305,-0.12328767123287675
0.27982011728613426,-0.12328767123287675
0.2734824284670197,-0.12279749696017035
0.26815720558170925,-0.11986301369863016
0.26322938657536105,-0.11596911260275826
0.258604395113801,-0.11134412114119825
0.25397940365224114,-0.10671912967963841
0.2534246575342466,-0.1004081873945896
0.2534246575342466,-0.09386746174379125
0.25705849153810045,-0.08883191942080369
0.2622673213223706,-0.0856164383561644
0.26738950737599865,-0.08219178082191783
0.27393023302679564,-0.08219178082191783
0.2804709586775925,-0.08219178082191783
0.28620180265713263,-0.08414700813658467
0.2866332529056532,-0.08904109589041097
0.28009252725485523,-0.08904109589041097
0.27355180160405845,-0.08904109589041097
0.2680470009730665,-0.09154204012282396
0.26241895054296827,-0.09374543301867562
0.26027397260273977,-0.09939767971563855
0.26253578045421616,-0.10500153387887369
0.2671607719157754,-0.10962652534043292
0.27178576337733545,-0.11425151680199296
0.27742067050549923,-0.11643835616438357
0.2839613961562963,-0.11643835616438357
0.29050212180709173,-0.11643835616438357
0.2970428474578888,-0.11643835616438357
0.30293519243344486,-0.1148730267446374
0.30756018389500545,-0.11024803528307678
0.3116438356164384,-0.10539881355930486
0.3116438356164384,-0.09885808790850942
0.3116438356164384,-0.09231736225771087
0.3093355143201711,-0.08673277459414361
0.30713212142431856,-0.08110472416404459
0.3025071299627597,-0.07647973270248574
0.2968790795326609,-0.0742763398066335
0.29225408807110087,-0.06965134834507347
0.28662603764100186,-0.06744795544922103
0.2810709175454151,-0.06506849315068494
0.27536993678080424,-0.06304116965751654
0.26940800584098806,-0.06164383561643835
0.26311077695206875,-0.06105598243152076
0.25774509413656244,-0.058219178082191805
0.2512043684857666,-0.058219178082191805
0.2452235666932338,-0.05686740230967214
0.23954145678133998,-0.054794520547945216
0.2330007311305432,-0.054794520547945216
0.22646000547974615,-0.054794520547945216
0.22133781942611655,-0.051369863013698634
0.21479709377532114,-0.051369863013698634
0.2082563681245241,-0.051369863013698634
0.2028180367769275,-0.0487084477358316
0.19659345642009768,-0.04794520547945208
0.19005273076930143,-0.04794520547945208
0.18351200511850527,-0.04794520547945208
0.1772966581509153,-0.04715967184954547
0.17184909341407864,-0.0445205479452055
0.1653083677632822,-0.0445205479452055
0.15876764211248617,-0.0445205479452055
0.15222691646168995,-0.0445205479452055
0.14614722909480554,-0.04340750306740827
0.14056400475726277,-0.041095890410958916
0.1340232791064673,-0.041095890410958916
0.12748255345566895,-0.041095890410958916
0.12094182780487334,-0.041095890410958916
0.1149978000386957,-0.039655334285271036
0.10927891610044826,-0.03767123287671235
0.10273819044965142,-0.03767123287671235
0.09619746479885445,-0.03767123287671235
0.08965673914805747,-0.03767123287671235
0.08453455309442896,-0.03424657534246576
0.07799382744363104,-0.03424657534246576
0.07145310179283403,-0.03424657534246576
0.06596116072375137,-0.03171458538128563
0.059790190088408954,-0.030821917808219194
0.05324946443761351,-0.030821917808219194
0.04707089149637709,-0.029947603825144185
0.041586552733186906,-0.027397260273972608
0.035045827082390096,-0.027397260273972608
0.028505101431593086,-0.027397260273972608
0.023382915377963498,-0.02397260273972604
0.016842189727167847,-0.02397260273972604
0.010301464076371038,-0.02397260273972604
0.005179278022742202,-0.020547945205479458
-0.0013614476280553913,-0.020547945205479458
-0.006590739280127273,-0.017381863459598752
-0.013024359332480424,-0.01712328767123289
-0.018849899108863345,-0.015396676233602382
-0.024687271036907057,-0.013698630136986304
-0.030105999969060437,-0.010989890441898461
-0.0357340503991585,-0.008786497546046977
-0.04147236879496151,-0.006849315068493152
-0.04699015125935614,-0.004379711754342477
-0.05261820168945516,-0.002176318858490022
-0.058246252119553026,0.000027074037361256933
-0.06337965260664714,0.0034246575342465678
-0.06849929401121188,0.00685545839477353
-0.07362402471390482,0.01027397260273972
-0.07875233590287073,0.013683842752185803
-0.08438038633296858,0.015887235648037082
-0.08900537779452958,0.020512227109598078
-0.09363036925608861,0.025137218571157128
-0.09923495498205111,0.02739726027397259
-0.10388341114774786,0.03196560292856979
-0.1085084026093075,0.036590594390129405
-0.11313339407086653,0.04121558585168846
-0.11775838553242655,0.04584057731324848
-0.12238337699398619,0.05046556877480811
-0.12700836845554658,0.05509056023636852
-0.13163335991710604,0.05971555169792795
-0.13625835137866546,0.06434054315948738
-0.14088334284022666,0.06896553462104857
-0.1455083343017855,0.07359052608260742
-0.15013332576334554,0.07821551754416746
-0.15475831722490474,0.08284050900572668
-0.15938330868646458,0.08746550046728652
-0.1640083001480246,0.09209049192884651
-0.16863329160958462,0.09671548339040655
-0.17325828307114427,0.10134047485196616
-0.1788863335012435,0.10354386774781882
-0.1835113249628031,0.10816885920937844
-0.18813631642436254,0.11279385067093789
-0.19316743847163093,0.11643835616438356
-0.19838935831602042,0.11962223502834918
-0.20341181057889093,0.1232876712328767
-0.20864240020767924,0.12645061938576144
-0.2136561826861486,0.13013698630136986
-0.2188954420993381,0.13327900374317372
-0.22452349252943712,0.13548239663902617
-0.22914848399099597,0.13386521463914097
-0.233773475452556,0.12924022317758097
-0.23926711295429332,0.1267123287671233
-0.24438929900792447,0.1232876712328767
-0.2496545677743137,0.12020844592431644
-0.25605221071234935,0.11986301369863014
-0.2602739726027397,0.12418809539611635
-0.2602739726027397,0.13072882104691297
-0.2576520893449723,0.13618352709338383
-0.2554486964491209,0.1418115775234819
-0.24982064601902185,0.14401497041933434
-0.2446241691140057,0.14726027397260272
-0.23808344346320867,0.14726027397260272
-0.23193343576018707,0.14820355054118275
-0.22945205479452052,0.15371645454258778
-0.22945205479452052,0.1602571801933832
-0.23358085251641056,0.16508770183147903
-0.2363013698630137,0.17050155230064187
-0.24040923687382185,0.17534074372313693
-0.24503422833538246,0.17996573518469752
-0.2496592197969419,0.18459072664625695
-0.2542842112585019,0.18921571810781695
-0.25890920272006196,0.193840709569377
-0.26353419418162194,0.19846570103093705
-0.2685882686323963,0.20205479452054795
-0.2737872360732796,0.20529408538834812
-0.2794152865033775,0.20346142582538962
-0.2840402779649387,0.19883643436382845
-0.28624367086079056,0.19320838393373002
-0.2884470637566422,0.18758033350363176
-0.2910958904109589,0.1821367877774263
-0.2910958904109589,0.1755960621266307
-0.2910958904109589,0.16905533647583426
-0.2910958904109589,0.16251461082503824
-0.2876712328767123,0.1573924247714086
-0.2876712328767123,0.1508516991206116
-0.2842465753424657,0.1457295130669822
-0.28096077102987466,0.14054981212576506
-0.2787573781340214,0.13492176169566525
-0.27413238667246237,0.13029677023410619
-0.2719289937766101,0.12466871980400737
-0.2673040023150511,0.12004372834244832
-0.26510060941919883,0.1144156779123495
-0.2636986301369863,0.10845567109441026
-0.26069382362749427,0.10315957705215184
-0.2602739726027397,0.09679275938998463
-0.2602739726027397,0.09025203373918725
-0.2602739726027397,0.08371130808839101
-0.2568493150684931,0.07858912203476238
-0.2568493150684931,0.07204839638396537
-0.2568493150684931,0.06550767073316993
-0.2568493150684931,0.058966945082371366
-0.2568493150684931,0.05242621943157592
-0.2568493150684931,0.04588549378077891
-0.2568493150684931,0.03934476812998211
-0.2568493150684931,0.03280404247918511
-0.2568493150684931,0.02626331682838908
-0.2568493150684931,0.019722591177592664
-0.2568493150684931,0.013181865526797013
-0.2568493150684931,0.006641139875998654
-0.2568493150684931,0.00010041422520184401
-0.2568493150684931,-0.0064403114255938065
-0.2568493150684931,-0.012981037076391776
-0.2568493150684931,-0.019521762727187614
-0.2568493150684931,-0.02606248837798403
-0.2568493150684931,-0.03260321402878005
-0.2568493150684931,-0.03914393967957705
-0.2568493150684931,-0.04568466533037407
-0.2568493150684931,-0.05222539098117088
-0.2568493150684931,-0.0587661166319667
-0.2568493150684931,-0.06530684228276487
-0.2568493150684931,-0.07184756793356031
-0.2568493150684931,-0.07838829358435732
-0.2568493150684931,-0.08492901923515393
-0.2568493150684931,-0.09146974488594979
-0.2568493150684931,-0.09801047053674755
-0.2568493150684931,-0.10455119618754358
-0.2568493150684931,-0.11109192183833981
-0.2601154051286468,-0.11627978869029068
-0.2602739726027397,-0.12275483354276683
-0.2602739726027397,-0.12929555919356264
-0.26188238668478725,-0.135170057917664
-0.2636986301369863,-0.1409584708979879
-0.2636986301369863,-0.14749919654878607
-0.2660709668066353,-0.1530572681764983
-0.26712328767123283,-0.15916210825321112
-0.2680561540326326,-0.16531642800523538
-0.2705479452054794,-0.17082501995763755
-0.27246293982433634,-0.17657252886543226
-0.273972602739726,-0.18248793166206262
-0.2768697256160403,-0.18782862972562936
-0.2773972602739726,-0.19415084336648922
-0.2808219178082192,-0.1992730294201188
-0.28347990430359626,-0.20471278101592508
-0.2842465753424657,-0.21093594112454522
-0.2876712328767123,-0.21605812717817346
-0.29009008299115324,-0.22159693230622174
-0.2922934758870047,-0.2272249827363198
-0.29452054794520544,-0.23284322493622797
-0.297945205479452,-0.23796541098985816
-0.30132525314026903,-0.24310607505807724
-0.3035286460361209,-0.24873412548817572
-0.30573203893197354,-0.25436217591827504
-0.3082191780821918,-0.2598726948015429
-0.3125604232893849,-0.2646152178099329
-0.3150684931506849,-0.2701170669088005
-0.3184931506849315,-0.2752392529624288
-0.32159220054264936,-0.28049631013169063
-0.3253424657534247,-0.28548362506968783
-0.3284205849000607,-0.2907493520233484
-0.3321917808219178,-0.29572799717694753
-0.33524896925747316,-0.30100239391500744
-0.339041095890411,-0.3059723692842051
-0.34207735361488445,-0.3112554358066653
-0.3458904109589041,-0.3162167413914627
-0.34890573797229674,-0.32150847769832414
-0.3527397260273973,-0.3264611134987219
-0.355734122329708,-0.331761519589982
-0.3579375152255609,-0.3373895700200814
-0.3625625066871203,-0.3420145614816409
-0.36476589958297256,-0.3476426119117398
-0.3693908910445316,-0.35226760337329877
-0.37159428394038385,-0.35789565380339755
-0.37379767683623627,-0.36352370423349667
-0.3767123287671233,-0.36885714152492377
-0.3801369863013699,-0.373979327578552
-0.3828294540895008,-0.37940479655525433
-0.3835616438356164,-0.38564223928297914
-0.38698630136986306,-0.39076442533660793
-0.38698630136986306,-0.3973051509874048
-0.38698630136986306,-0.40384587663820026
-0.38698630136986306,-0.41038660228899854
-0.38698630136986306,-0.41692732793979426
-0.38298419407638445,-0.4218103264715609
-0.3801369863013699,-0.4271717000470533
-0.37592529198150904,-0.4315068493150685
-0.37052775928887416,-0.434266761259071
-0.36426238027708396,-0.4349315068493151
-0.35914019422345567,-0.4383561643835617
-0.35259946857265734,-0.4383561643835617
-0.3470124985999402,-0.4360535944903512
-0.34093655686823227,-0.4349315068493151
-0.3347533387712041,-0.4340684072643547
-0.3301283473096443,-0.429443415802795
-0.32550335584808426,-0.42481842434123496
-0.3273849685546163,-0.4191903739111371
-0.33200996001617633,-0.41456538244957725
-0.33847537302331354,-0.41438356164383566
-0.3435975590769431,-0.4109589041095891
-0.3498971702750109,-0.4103768023277288
-0.35526047078136974,-0.4075342465753425
-0.3546001535223253,-0.4025453590017773
-0.34897210309222687,-0.40102789690777313
-0.3437078561181106,-0.4041095890410959
-0.3377160022320302,-0.4054346826994768
-0.3320879518019302,-0.4076380755953301
-0.32692275836005535,-0.4109589041095891
-0.3218349099102723,-0.4144664599527414
-0.3184931506849315,-0.41962298361021744
-0.3184931506849315,-0.4261637092610144
-0.3217615701471465,-0.431350611243037
-0.32638656160870655,-0.43597560270459695
-0.3319412263260097,-0.4383561643835617
-0.33706341237964066,-0.44178082191780826
-0.34360413803043666,-0.44178082191780826
-0.348898763329101,-0.4447891742880051
-0.35526704973486384,-0.44520547945205485
-0.3618077753856597,-0.44520547945205485
-0.36692996143928797,-0.44178082191780826
-0.37341708298657317,-0.44165141016411186
-0.3780420744481324,-0.4370264187025524
-0.3836701248782321,-0.43482302580669946
-0.38698630136986306,-0.42965590543395815
-0.39041095890410954,-0.42453371938033013
-0.3927019021314964,-0.4189419334849421
-0.39383561643835624,-0.4128708076759036
-0.39383561643835624,-0.4063300820251067
-0.39383561643835624,-0.39978935637431073
-0.39383561643835624,-0.39324863072351424
-0.39121716196307854,-0.38779250442883206
-0.39041095890410954,-0.3815857190190877
-0.38698630136986306,-0.3764635329654596
-0.38698630136986306,-0.36992280731466115
-0.3835616438356164,-0.36480062126103235
-0.38020019748381906,-0.35965225227833947
-0.3767123287671233,-0.35455624915377404
-0.37337181312640766,-0.3493992103866817
-0.3711684202305547,-0.34377115995658225
-0.3665434287689954,-0.33914616849502277
-0.364340035873143,-0.33351811806492393
-0.3621366429772905,-0.3278900676348247
-0.3575116515157307,-0.323265076173265
-0.3553082586198792,-0.31763702574316693
-0.35068326715831943,-0.3130120342816071
-0.3484798742624679,-0.30738398385150906
-0.3438548828009071,-0.30275899238994824
-0.34165148990505567,-0.29713094195985024
-0.3370264984434958,-0.29250595049829037
-0.33482310554764244,-0.2868779000681905
-0.33019811408608357,-0.28225290860663155
-0.3279947211902313,-0.2766248581765326
-0.3253424657534247,-0.2711827326985397
-0.32116633683282,-0.26637181628487483
-0.3184931506849315,-0.26093836059128056
-0.3150684931506849,-0.255816174537651
-0.31213455957955544,-0.2504907239631171
-0.309931166683703,-0.2448626735330181
-0.3053061752221432,-0.24023768207145832
-0.30310278232629173,-0.23460963164136023
-0.3008993894304395,-0.22898158121126141
-0.297945205479452,-0.22366451861870923
-0.29452054794520544,-0.21854233256507827
-0.2942892107428835,-0.21209742992096572
-0.2910958904109589,-0.2068794208606532
-0.2876712328767123,-0.2017572348070234
-0.28525743348961896,-0.196216337599208
-0.2842465753424657,-0.19009432310259777
-0.2808506476979154,-0.18496023673901132
-0.2808219178082192,-0.17843141139817348
-0.2773972602739726,-0.1733092253445425
-0.276662067576067,-0.1670730264801766
-0.273972602739726,-0.16164631364011747
-0.273972602739726,-0.15510558798931948
-0.2705479452054794,-0.14998340193569104
-0.2705479452054794,-0.14344267628489402
-0.2680667016625147,-0.13792971536114484
-0.26712328767123283,-0.131779764580469
-0.26712328767123283,-0.12523903892967198
-0.2638781215406655,-0.12004250510230932
-0.2636986301369863,-0.11357612722524692
-0.2636986301369863,-0.10703540157444857
-0.2636986301369863,-0.10049467592365213
-0.2636986301369863,-0.09395395027285611
-0.2636986301369863,-0.08741322462205987
-0.2636986301369863,-0.08087249897126365
-0.2636986301369863,-0.07433177332046625
-0.2636986301369863,-0.06779104766966966
-0.2636986301369863,-0.061250322018872844
-0.2636986301369863,-0.05470959636807583
-0.2636986301369863,-0.04816887071727902
-0.2636986301369863,-0.04162814506648341
-0.2636986301369863,-0.03508741941568639
-0.2636986301369863,-0.028546693764890944
-0.2636986301369863,-0.022005968114092587
-0.2636986301369863,-0.015465242463297139
-0.2636986301369863,-0.008924516812500125
-0.2636986301369863,-0.0023837911617027364
-0.2636986301369863,0.004156934489093886
-0.2636986301369863,0.01069766013988952
-0.2636986301369863,0.01723838579068633
-0.2636986301369863,0.02377911144148314
-0.2636986301369863,0.030319837092280137
-0.2636986301369863,0.03686056274307676
-0.2636986301369863,0.04340128839387259
-0.2636986301369863,0.04994201404467115
-0.2636986301369863,0.0564827396954666
-0.2636986301369863,0.0630234653462634
-0.2636986301369863,0.06956419099705904
-0.2636986301369863,0.07610491664785585
-0.2636986301369863,0.08264564229865304
-0.26380135299504964,0.08914381874847432
-0.26712328767123283,0.09430855400307869
-0.26712328767123283,0.10084927965387629
-0.26798993311689806,0.10703102900730904
-0.2705479452054794,0.11251219135830133
-0.2748183174743094,0.11728407089896693
-0.2773972602739726,0.122756563465559
-0.2816467018317224,0.12753711279062654
-0.2842465753424657,0.13300093557281822
-0.28847508618913376,0.13779015468228442
-0.2910958904109589,0.14324530768007723
-0.29288187198083826,0.1490462555424821
-0.29452054794520544,0.15490821938450267
-0.29728865777254176,0.1603023564026788
-0.297945205479452,0.16657113108892732
-0.297945205479452,0.1731118567397257
-0.297945205479452,0.17965258239052193
-0.2988374336588269,0.18582373502868993
-0.30346242512038757,0.18626360227687272
-0.3056658180162392,0.1806355518467745
-0.3082191780821918,0.17515246256491668
-0.3100726038079427,0.16937945098657778
-0.3116438356164383,0.16348955086049144
-0.3144793895996472,0.15812335012638015
-0.3150684931506849,0.15182663915606484
-0.3150684931506849,0.1452859135052694
-0.3184931506849315,0.1401637274516384
-0.3184931506849315,0.13362300180084297
-0.3184931506849315,0.12708227615004597
-0.3204349512776365,0.12134587064017169
-0.3219178082191781,0.11541936444562091
-0.3219178082191781,0.1088786387948237
-0.3219178082191781,0.10233791314402708
-0.32440532572962943,0.09682755098269934
-0.3253424657534247,0.09067500143960049
-0.3253424657534247,0.08413427578880348
-0.3253424657534247,0.07759355013800803
-0.3253424657534247,0.07105282448721104
-0.3257358959460583,0.06467506295805128
-0.3287671232876712,0.05938991278278461
-0.3287671232876712,0.05284918713198916
-0.3287671232876712,0.046308461481192165
-0.3287671232876712,0.03976773583039457
-0.3287671232876712,0.033227010179598164
-0.3287671232876712,0.026686284528802513
-0.3287671232876712,0.020145558878005704
-0.3287671232876712,0.013604833227208894
-0.3287671232876712,0.0070641075764118965
-0.3321917808219178,0.001941921522783265
-0.3321917808219178,-0.004598804128013153
-0.3321917808219178,-0.01113952977881153
-0.3321917808219178,-0.017680255429606977
-0.3321917808219178,-0.024220981080403974
-0.33457080372676234,-0.02977628317881715
-0.33561643835616434,-0.03588389278482902
-0.33561643835616434,-0.042424618435626615
-0.33561643835616434,-0.04896534408642305
-0.338541178178755,-0.05429460283628933
-0.339041095890411,-0.06062825579084945
-0.339041095890411,-0.06716898144164588
-0.3403081597348965,-0.07318487206366364
-0.3424657534246575,-0.07883189314607153
-0.3424657534246575,-0.08537261879686697
-0.3458904109589041,-0.09049480485049714
-0.3458904109589041,-0.09703553050129336
-0.34890352564844923,-0.10232818318269583
-0.3493150684931507,-0.10869844220572
-0.3508887128744461,-0.11458734301143247
-0.3527397260273973,-0.12036135391014524
-0.35287390010044195,-0.12684650284016796
-0.35616438356164387,-0.1320242656145701
-0.3572806858921466,-0.13810260370036584
-0.35958904109589035,-0.1436871773189965
-0.3616874716838502,-0.14935870456056252
-0.363013698630137,-0.1553500890234235
-0.3660942574755547,-0.1606148054207602
-0.3664383561643835,-0.16701300072784916
-0.3698630136986301,-0.17213518678147757
-0.3702828375974029,-0.1785020156795947
-0.3732876712328767,-0.18379809848590423
-0.37468962338910744,-0.18975811653979238
-0.3767123287671233,-0.19546101019032927
-0.3790964091808121,-0.20101421739999026
-0.3812998020766636,-0.20664226783008827
-0.3835616438356164,-0.2122461079483853
-0.38570658786836753,-0.21789836869028534
-0.38790998076421923,-0.22352641912038362
-0.39041095890410954,-0.22903120570644112
-0.39231676655592373,-0.23478251998058125
-0.39452015945177515,-0.2404105704106794
-0.3972602739726027,-0.2458163034644959
-0.4006849315068493,-0.2509384895181255
-0.4035519367050397,-0.2562916627324369
-0.4041095890410959,-0.26260140122255055
-0.40753424657534243,-0.26772358727617857
-0.41016211539259634,-0.2731758140227333
-0.41236550828844837,-0.27880386445283184
-0.41456890118430023,-0.2844319148829303
-0.41780821917808225,-0.289630871087865
-0.42123287671232873,-0.29475305714149375
-0.4236006784375643,-0.30031300720468773
-0.425804071333416,-0.30594105763478585
-0.4280821917808219,-0.31153815489954834
-0.4315068493150685,-0.3166603409531779
-0.43483584858668056,-0.32182214995654357
-0.4370392414825318,-0.32745020038664147
-0.43924263437838523,-0.3330782508167414
-0.44178082191780826,-0.338567624764862
-0.4452054794520548,-0.3436898108184916
-0.44827441163164783,-0.3489593431384971
-0.4520547945205479,-0.35393418292574913
-0.45510279598906017,-0.35921238503015607
-0.45730618888491237,-0.36484043546025485
-0.4595095817807638,-0.3704684858903529
-0.46232876712328763,-0.37584146673743485
-0.46633796613817713,-0.3807215277820126
-0.4691780821917808,-0.3860858388446925
-0.4731663504955882,-0.3909745696736705
-0.476027397260274,-0.3963302109519501
-0.4794520547945206,-0.4014523970055811
-0.4821981277488518,-0.4068556619954272
-0.48440152064470415,-0.412483712425526
-0.4890265121062642,-0.41710870388708604
-0.4931506849315068,-0.4219411412200979
-0.49585489646367625,-0.4273617457787448
-0.4980582893595278,-0.43298979620884287
-0.5026832808210876,-0.43761478767040257
-0.5048866737169401,-0.44324283810050175
-0.5095116651784999,-0.44786782956206156
-0.5117150580743514,-0.4534958799921596
-0.5163400495359122,-0.4581208714537204
-0.5185434424317635,-0.46374892188381844
-0.5231684338933235,-0.46837391334537826
-0.5273972602739726,-0.4731630017563892
-0.529996818250735,-0.4786269552370363
-0.5342465753424657,-0.4834073738636483
-0.5368252026081471,-0.4888799971286953
-0.5414501940697063,-0.4935049885902543
-0.5445205479452054,-0.4987739320245368
-0.5482785784271186,-0.5037580304819131
-0.5529035698886785,-0.5083830219434732
-0.5575285613502383,-0.5130080134050329
-0.5597319542460898,-0.518636063835131
-0.5643569457076507,-0.5232610552966919
-0.5689819371692101,-0.5278860467582512
-0.571917808219178,-0.5332106948027733
-0.5758103215266224,-0.53813908864991
-0.5804353129881823,-0.54276408011147
-0.5850603044497412,-0.547389071573029
-0.5896852959113013,-0.5520140630345889
-0.5943102873728607,-0.5566390544961485
-0.5989352788344213,-0.561264045957709
-0.6035602702959805,-0.5658890374192682
-0.6081852617575402,-0.570514028880828
-0.6128102532191012,-0.575139020342389
-0.6174352446806602,-0.579764011803948
-0.6220602361422198,-0.5843890032655076
-0.6266852276037794,-0.5890139947270671
-0.6313102190653394,-0.5936389861886271
-0.6359352105268995,-0.5982639776501871
-0.6381386034227516,-0.603892028080286
-0.6427635948843112,-0.6085170195418457
-0.6473885863458717,-0.6131420110034059
-0.652013577807431,-0.6177670024649654
-0.6566385692689906,-0.6223919939265249
-0.6612635607305507,-0.6270169853880849
-0.6658885521921099,-0.631641976849644
-0.6705135436536704,-0.6362669683112048
-0.6746575342465754,-0.6410911968560737
-0.6773419280110817,-0.6465200102028628
-0.6819669194726422,-0.651145001664423
-0.686591910934202,-0.6557699931259828
-0.6887953038300535,-0.6613980435560808
-0.6934202952916133,-0.6660230350176408
-0.6956236881874648,-0.6716510854477388
-0.7002486796490256,-0.6762760769092996
-0.7048736711105856,-0.6809010683708594
-0.707077064006437,-0.6865291188009575
-0.7092804569022904,-0.6921571692310575
-0.7139054483638494,-0.6967821606926163
-0.7161088412597016,-0.7024102111227153
-0.7191780821917807,-0.7076796155532535
-0.7229372256171129,-0.712663253014373
-0.726027397260274,-0.7179239876605126
-0.7294520547945206,-0.7230461737141423
-0.7319690028703772,-0.7285443453361305
-0.7341723957662297,-0.7341723957662297
-0.736375788662081,-0.7398004461963276
-0.7397260273972603,-0.7449534575258263
-0.7431506849315069,-0.7500756435794559
-0.7454075659153445,-0.7556815385180844
-0.7465753424657534,-0.7617385552838825
-0.7498143517070491,-0.766937639378282
-0.752017744602901,-0.7725656898083806
-0.7542211374987542,-0.7781937402384801
-0.7568493150684931,-0.7836458390955665
-0.7602739726027398,-0.788768025149195
-0.7632529147520174,-0.7940748325602366
-0.7636986301369864,-0.8004309368536198
-0.767123287671233,-0.8055531229072507
-0.7698630934395742,-0.810958983850533
-0.7705479452054794,-0.8172160346116757
-0.7739726027397261,-0.8223382206653067
-0.77647327212713,-0.8278431351408286
-0.7786766650229817,-0.833471185570927
-0.7808219178082191,-0.8391233184233597
-0.7830834508146856,-0.8447272864311242
-0.7852868437105387,-0.8503553368612236
-0.7876712328767125,-0.855908416181416
-0.791095890410959,-0.861030602235044
-0.7918970223980952,-0.8672394881515197
-0.7945205479452054,-0.8726935139394705
-0.7979452054794521,-0.8778156999931002
-0.8009287996513585,-0.8831205804732765
-0.80313219254721,-0.8887486309033743
-0.8047945205479451,-0.894600797751155
-0.8075389783389146,-0.9000047317635722
-0.8097423712347663,-0.9056327821936704
-0.8119457641306194,-0.9112608326237701
-0.815068493150685,-0.9165080815628401
-0.8184931506849314,-0.9216302676164685
-0.8209775413838825,-0.9271419249455264
-0.8231809342797344,-0.9327699753756249
-0.8278059257412951,-0.9373949668371857
-0.8300093186371468,-0.9430230172672839
-0.8346343100987064,-0.9476480087288434
-0.8368377029945591,-0.9532760591589426
-0.8424657534246575,-0.9554794520547946
