0.9972850024125164,-0.38344423579877346
1,-0.3903868904205502
0.9993844482958729,-0.39865820232319243
0.9961428407908524,-0.40789419618041106
0.9912648321122954,-0.41771550196820384
0.9857747526327858,-0.4277810067873411
0.9805060280271312,-0.43782638216341235
0.9759565978997097,-0.4476815992184798
0.9722531209764451,-0.45726766829045695
0.9692180618426607,-0.4665778444476802
0.9665052396535417,-0.4756511583359656
0.9637542062458516,-0.48454604848053245
0.9607152212437595,-0.49331968087569866
0.9573124393202076,-0.5020153983738019
0.9536367212723242,-0.51065786787067
0.9498828509172497,-0.5192537381001197
0.9462615006062443,-0.5277952307016688
0.9429199528636977,-0.5362647340581357
0.939897587278604,-0.5446394989202176
0.9371265343691907,-0.5528963045232443
0.9344708278666606,-0.5610161238557531
0.9317848170564724,-0.5689884240504239
0.9289673084746982,-0.5768141737768688
0.9259924106635173,-0.5845063734202444
0.9229087672089922,-0.5920872948399266
0.9198112955906748,-0.5995826016248588
0.9167990811271008,-0.6070137594293848
0.9139365965030535,-0.6143910891553633
0.9112322897235526,-0.6217099711604959
0.9086406326136232,-0.6289518772378054
0.9060843472713105,-0.6360903001983127
0.9034863220679105,-0.6430998342125536
0.9007981490724386,-0.6499653405965244
0.8980147819753944,-0.6566878789588507
0.8951710896850247,-0.6632850739592789
0.892323370829451,-0.669785523431853
0.8895243571172033,-0.6762190455053079
0.8868019574192553,-0.6826061851311734
0.8841496417929235,-0.6889508089728398
0.8815311744618876,-0.6952386057131581
0.8788966004478556,-0.7014422058579731
0.8762022582702705,-0.707531198009042
0.8734266004404411,-0.7134834555758159
0.8705759017406342,-0.7192936161614242
0.867678383779656,-0.7249755233941269
0.8647699870029464,-0.7305576208426076
0.861878111822087,-0.7360728886705955
0.8590100179234235,-0.7415469697111907
0.8561502471405219,-0.7469888627643797
0.8532675136869701,-0.7523876707796505
0.8503276475726151,-0.757716687149617
0.8473069237096271,-0.7629433891322633
0.8442002764635841,-0.768041690786284
0.841021291043448,-0.7730019237241317
0.8377943994049987,-0.7778348096111983
0.8345428998438433,-0.7825678866632176
0.8312779831944068,-0.7872356484450131
0.8279933154378996,-0.7918670093735133
0.8246672423165583,-0.7964747428726308
0.8212714327083461,-0.8010508462195333
0.8177821249900852,-0.8055696118645946
0.8141891583626127,-0.8099973258711058
0.8104990178466204,-0.8143050313320148
0.8067307143514602,-0.8184796190385255
0.8029063531908479,-0.8225290906119549
0.7990404515031323,-0.8264799792987548
0.7951325458127205,-0.8303678255475355
0.7911662094743429,-0.8342242074622594
0.7871148865746044,-0.8380651447510785
0.7829520808183988,-0.8418852242349127
0.7786616062324422,-0.8456596945955752
0.7742435677242755,-0.8493538177477745
0.769713507798723,-0.852936042708494
0.7650950000209862,-0.8563901051382563
0.7604087152621115,-0.8597215111761188
0.7556624964291212,-0.8629559227729073
0.7508466182444891,-0.8661299702913995
0.7459363125866555,-0.8692778604541597
0.740900653649802,-0.8724187580906317
0.7357142407382619,-0.8755496825283603
0.7303668876799286,-0.8786466428151715
0.7248672528368808,-0.8816736759306438
0.7192387562636083,-0.8845964834288695
0.7135092708509213,-0.8873955981696542
0.7076986702601548,-0.890074129377271
0.7018092965824336,-0.8926571102817896
0.6958233422661503,-0.8951825899886683
0.6897084161693956,-0.8976877149699383
0.6834292551919328,-0.9001949708023557
0.6769609820698606,-0.902703763185159
0.6702985532198409,-0.9051905796365958
0.6634584378729816,-0.9076177902461043
0.6564716085426018,-0.909947895533335
0.6493704162063224,-0.9121579323233705
0.6421744730889339,-0.9142486101211542
0.634881219182922,-0.9162446526770708
0.6274651297764963,-0.9181860785976885
0.6198861600365231,-0.9201135663026133
0.6121043240867157,-0.9220533308176386
0.6040947445307273,-0.9240072147265859
0.595857142664993,-0.9259518253502714
0.5874157789450614,-0.9278472021471662
0.5788095517315776,-0.9296519079740444
0.5700758909997333,-0.9313389544191528
0.5612346813447601,-0.9329065521005844
0.5522786395258859,-0.9343795189701102
0.5431742069410893,-0.9358006318493061
0.5338729597996751,-0.9372149971539672
0.5243293506520756,-0.9386532212067272
0.5145179348612945,-0.9401197345484545
0.5044432090884766,-0.9415908064984352
0.4941378905443526,-0.943023211981295
0.4836499125652749,-0.9443704957545236
0.4730228992066309,-0.9456008295775945
0.4622776338990568,-0.9467097162705901
0.45140190812598047,-0.9477225930620209
0.44035307966098874,-0.948686104021089
0.42907279428604955,-0.9496510854179593
0.41750849287655895,-0.9506535321293365
0.4056334457782882,-0.9517007387427174
0.3934573330561458,-0.9527680259833103
0.38102282561435663,-0.9538075775958593
0.3683889780604013,-0.9547663441027855
0.3556074802517753,-0.9556064345040206
0.3427008654212319,-0.9563202865690645
0.32965135688106084,-0.9569346780314797
0.3164051851627019,-0.9575017241768392
0.3028913048911283,-0.9580799164248401
0.2890477249872319,-0.9587121482917242
0.2748453887014125,-0.9594090375350154
0.2603000849351755,-0.9601440895973634
0.24546717993209785,-0.9608629312265115
0.23042049362916156,-0.9615035372217663
0.21522293856306907,-0.9620200677584436
0.19990011486858558,-0.9624013035996821
0.1844273954400427,-0.9626764241808197
0.16873621436859923,-0.9629054654501195
0.15273799178376457,-0.963157567655528
0.1363571265426797,-0.963484916114115
0.11956051568121565,-0.9639022239434207
0.10237181026678496,-0.9643798549810008
0.08486402208377226,-0.964853765887116
0.06713226835076423,-0.9652491160435694
0.04925632791457624,-0.9655090169782407
0.03126719010047479,-0.9656175648462936
0.013130975322513066,-0.965608036742003
-0.005242469911880151,-0.9655524411347443
-0.023968264961512005,-0.9655356163345366
-0.043143451950828894,-0.9656231620839557
-0.06280844083633515,-0.9658352948193288
-0.08292838439975271,-0.9661370112704528
-0.10340307003326328,-0.9664491688038034
-0.12410328916708172,-0.9666772605621887
-0.14492114471958825,-0.9667476769209419
-0.16581546467305364,-0.9666378205499125
-0.18683411509262232,-0.9663880759682462
-0.2081027608015301,-0.9660899682056692
-0.22978198578831988,-0.965853709341334
-0.25200719721970605,-0.9657664745396204
-0.2748335754818998,-0.9658570142376725
-0.2982081328950083,-0.9660807381588572
-0.3219821772338026,-0.966332416731911
-0.3459628491052772,-0.9664834642024617
-0.3699870594663939,-0.9664310763876248
-0.39399091127156477,-0.9661410192441888
-0.4180468928913459,-0.9656669689397458
-0.44235091126523723,-0.9651370248249959
-0.467158832414338,-0.9647098970997795
-0.4926916885579349,-0.9645151232863266
-0.5190429372160071,-0.9645990227752212
-0.5461242672871522,-0.9648978488290253
-0.5736761471136937,-0.9652512363605708
-0.601347998167587,-0.9654550266984049
-0.6288271756681584,-0.9653375909463212
-0.6559746739670437,-0.9648332745005221
-0.682916741749613,-0.9640247263028562
-0.7100498377933826,-0.9631340291156564
-0.7379405392350192,-0.9624586076902498
-0.7671355176360457,-0.9622668167692954
-0.7979291629523493,-0.9626835256900156
-0.8301569697031496,-0.9636023756224777
-0.8630835770651775,-0.9646559473341371
-0.8954334050421714,-0.9652589872714621
-0.9255740488129913,-0.964717907614627
-0.9518185596732187,-0.9623789755335932
-0.9727756217608332,-0.957774776421424
-0.9876581300606601,-0.9507280549777778
-0.9964672749822604,-0.9413842862456191
-1,-0.9301654802107886
-0.9996743130048061,-0.9176609779177809
-0.9972161007398673,-0.904488847153565
-0.9942885094642968,-0.8911682534390772
-0.9921596425213883,-0.8780369448761577
-0.9914920114908908,-0.865231221847166
-0.9923015933535387,-0.8527244569213845
-0.994086081952821,-0.8404017933648561
-0.9960751860797117,-0.828139307614016
-0.9975241289643512,-0.8158585396372608
-0.9979636139756356,-0.8035404024326116
-0.9973369394943463,-0.791200831096855
-0.9959916421243655,-0.7788470251410089
-0.994537492616861,-0.7664414258210449
-0.993621475524596,-0.7538973974965704
-0.99369238840124,-0.7411170249532346
-0.9948272184607055,-0.7280625736672286
-0.9966697607558207,-0.7148362551224666
-0.9984965420522068,-0.7017347998138675
-0.9993871979517346,-0.6892497572129903
-0.9984473346106387,-0.6780006718438304
-0.995019632684825,-0.6686111426886129
-0.9888260662355064,-0.6615593440864753
-0.9800072390302949,-0.6570469831999994
-0.9690560860862583,-0.6549288757460695
-0.9566728031547294,-0.6547291014473683
-0.9435873143998411,-0.6557438649854022
-0.9304000167862004,-0.6572040846388069
-0.9174809576157751,-0.6584514408046738
-0.9049464898869675,-0.6590768216939317
-0.8927080426941973,-0.6589817144866025
-0.880567509911455,-0.6583474879121344
-0.8683234833450819,-0.657526695146386
-0.8558542147069595,-0.6568947963539984
-0.8431550391404056,-0.6567119737548497
-0.8303253422450694,-0.6570393053774458
-0.8175170720549093,-0.6577334827861799
-0.8048680485320082,-0.6585165242936781
-0.792445908892103,-0.6590911662709218
-0.7802224183963742,-0.6592576932424945
-0.7680857655637175,-0.6589889503802168
-0.7558847045575475,-0.6584366391305243
-0.7434875504484739,-0.6578677930665177
-0.7308343963482927,-0.6575563059392423
-0.7179636736248153,-0.6576712054193254
-0.7050031224247246,-0.658204926721112
-0.6921273296698558,-0.6589704377492264
-0.6794953416209353,-0.659670697322708
-0.6671889463768494,-0.660016574214258
-0.6551729057848508,-0.6598498606051826
-0.6432924973730414,-0.6592236198670557
-0.6313129378176623,-0.6584048652695214
-0.6189927171113839,-0.6577905285033946
-0.6061721755169014,-0.6577581800457728
-0.5928528836443818,-0.6584975497740339
-0.5792442691740848,-0.65987889416334
-0.5657613942131733,-0.6614057807784848
-0.5529699634510622,-0.662275201957213
-0.5414883770797848,-0.6615348492320371
-0.5318683029916214,-0.6582965499863465
-0.5244816783711433,-0.6519463221982217
-0.5194414291477927,-0.6422913066344669
-0.5165755154470466,-0.6296020909716697
-0.5154610435705306,-0.6145397924882743
-0.5155104200923895,-0.5979908838405862
-0.5160887210486863,-0.5808585874823722
-0.5166340073602064,-0.5638699142009356
-0.5167522351196131,-0.5474494576218351
-0.5162657037332611,-0.5316881400112115
-0.5152066490980364,-0.5164051153999292
-0.5137621212414286,-0.5012737348334014
-0.512188663052424,-0.48596625402676896
-0.5107221328932866,-0.47027116777113986
-0.5095075088380034,-0.45415079343904763
-0.508566038621787,-0.4377294446357114
-0.5078050545330571,-0.42122613139422166
-0.5070628631225881,-0.4048623869554781
-0.5061712298542927,-0.3887806278431201
-0.5050139784582995,-0.37300082587534505
-0.5035630924181229,-0.35742687985530475
-0.5018822498474442,-0.34189530061559964
-0.5000989932474998,-0.32624437697470043
-0.49835699992203053,-0.31037657122318046
-0.4967658838484878,-0.2942916894112168
-0.49536583816647956,-0.2780808820145835
-0.4941184965252289,-0.2618866902873238
-0.49292585899786223,-0.24584650093608934
-0.49166935189493816,-0.23004170653739248
-0.49025441947866144,-0.21447126955290655
-0.4886446781344499,-0.1990581135478192
-0.486873916260604,-0.18368399794689066
-0.4850324554180382,-0.16823812415813677
-0.4832336078820737,-0.1526603860716218
-0.4815728976190936,-0.1369631953802305
-0.4800949532491269,-0.12122467977314405
-0.47877983721845446,-0.10555717788564073
-0.4775532784210776,-0.09006408262271633
-0.47631652215562614,-0.07480189789384063
-0.47498447819050793,-0.059761683143705426
-0.4735180463617218,-0.044876151382836016
-0.4719388794770137,-0.030048739757369023
-0.47032146703715083,-0.015192800579808386
-0.46876582193180055,-0.00026566594708118865
-0.4673611371957832,0.014715180332416287
-0.4661539719172375,0.029679377161339945
-0.46513269231827786,0.0445308944557856
-0.4642337554234812,0.059184219796099856
-0.4633672752355696,0.07359550035311647
-0.4624521769451823,0.08777694496420615
-0.4614477552576918,0.10178947378895495
-0.46036988104521304,0.11571699157944507
-0.45928589353465427,0.12963254088490947
-0.4582902037283571,0.14356940708426233
-0.4574698390977977,0.1575080422882344
-0.4568728965125848,0.1713834113134342
-0.45649175017691224,0.1851095072266586
-0.45626730578639624,0.19861134294401336
-0.4561126792950728,0.2118521002591994
-0.45594737068854496,0.2248452147229829
-0.4557290417212358,0.23764709843487225
-0.4554708869421697,0.2503336331209876
-0.45523799366080164,0.2629696632438812
-0.45512400209493853,0.2755832046348327
-0.45521683210647546,0.28815408759672306
-0.45556642471534853,0.30062111224888194
-0.4561667572121411,0.3129047057692455
-0.4569590574622898,0.32493624056478376
-0.4578551470314451,0.3366827822609251
-0.4587721873101551,0.34815793475529094
-0.4596656898355779,0.3594148523388081
-0.4605481856440014,0.3705243018057809
-0.4614862784977409,0.3815462857773186
-0.46257696431938855,0.39250607199198273
-0.4639120195420043,0.40338367436035544
-0.4655439302968624,0.4141206324647732
-0.4674664315160771,0.42464134215650823
-0.46961732980952753,0.4348807073930476
-0.47190287513369916,0.44480757011278954
-0.47423468072238656,0.4544350704294433
-0.4765652242687141,0.4638141134124039
-0.4789082513076935,0.47301254357290823
-0.48133593359089594,0.48208801722099753
-0.4839534006545114,0.49106489192342373
-0.48685997653058527,0.4999238669937428
-0.49011177957053326,0.5086082355148157
-0.4937001644345005,0.5170443060225242
-0.49755473792392313,0.5251682047359973
-0.5015704280769198,0.5329488868328107
-0.5056487857136004,0.5403986509923902
-0.509737917322144,0.5475671972633305
-0.5138555084853877,0.5545214958681036
-0.5180854505798769,0.5613190953503177
-0.5225484927301229,0.5679849765347268
-0.5273574238923613,0.5745007249986899
-0.5325736756425428,0.5808101520699862
-0.5381823357178968,0.5868392868864546
-0.5440961000098825,0.592523221353105
-0.5501878922449525,0.5978296631306226
-0.5563407180300939,0.6027702368239715
-0.5624960668768877,0.6073951442187168
-0.568681794454365,0.6117730557492045
-0.5750073796521633,0.6159637201301076
-0.5816264542868077,0.6199936343269088
-0.5886792202978398,0.6238441097893064
-0.596235991770717,0.6274565283083379
-0.6042641263114199,0.6307531460568494
-0.6126332237302579,0.6336658455541823
-0.6211599651679727,0.6361619797760707
-0.629679042360222,0.6382571665791569
-0.6381157552399306,0.6400094039488904
-0.6465332894133661,0.6414956219919723
-0.6551348349701062,0.6427783560163576
-0.6642154991259411,0.6438742221666366
-0.6740764409163023,0.6447357880135963
-0.6849276628724059,0.6452541768069181
-0.6968112667199101,0.6452827334006731
-0.709571447865811,0.6446747272052734
-0.7228826186280146,0.6433229552481766
-0.7363277601525058,0.6411880790237386
-0.7495020824739131,0.6383060292242381
-0.7621083780277433,0.6347717203815326
-0.7740133308982523,0.6307043120892214
-0.7852476807898064,0.6262056038400945
-0.7959528540192418,0.6213256505972358
-0.8062954971857408,0.6160474160046868
-0.8163824908481466,0.6102959322223188
-0.8262083272946483,0.6039690958356035
-0.8356542707863918,0.5969796871635249
-0.8445388518197667,0.5892940181801785
-0.852699189767692,0.5809532715126792
-0.8600698929761649,0.572068985772754
-0.8667259077102124,0.5627926046124405
-0.8728683434128289,0.553267841505495
-0.8787538499868942,0.5435809579135704
-0.8845909252460987,0.5337258006867227
-0.8904420836649887,0.5235969134893568
-0.8961728051711585,0.513016190020943
-0.9014748743721754,0.5017886823984404
-0.9059668314413494,0.4897742548024193
-0.9093459045645196,0.47695644836601087
-0.911543853226606,0.4634897923577578
-0.912831864059678,0.44971191655676385
-0.9138306565658456,0.43611572127978665
-0.9154088406052464,0.4232870139745821
-0.918487348108494,0.41182159727551676
-0.9237993877439296,0.40224049533316714
-0.9316733089957977,0.39492170519726094
-0.9419035268590329,0.39006187255687147
-0.9537520924236444,0.3876732152324244
-0.9660869934757108,0.38761221573688454
-0.9776238442221471,0.3896294878151306
-0.9872074145967041,0.39342656492129263
-0.9940578303835848,0.3987058342907134
-0.9979168317552595,0.40520390562579384
-0.9990588635397347,0.4127048440085904
-0.998170810267533,0.4210359383350661
-0.9961408568073252,0.4300531977584028
-0.9938202354756571,0.43962542632538126
-0.9918249759869381,0.4496243445480346
-0.9904280959082326,0.45992457706963913
-0.9895620974421314,0.47041281917585454
-0.988917371914362,0.4810016999205324
-0.9880949864901339,0.49164199774767536
-0.9867602959326178,0.5023274431892334
-0.9847495516190894,0.5130890321043878
-0.9821019670363466,0.5239795523436696
-0.9790168499412586,0.535052551428465
-0.975760035139253,0.5463420276514255
-0.9725580678879443,0.5578490255658954
-0.969518553197687,0.5695391161877145
-0.96660202164157,0.5813512075696475
-0.9636501065778963,0.5932144671368709
-0.9604544654420183,0.6050675764046095
-0.9568377599512503,0.6168739286843897
-0.9527161582710588,0.628627901759937
-0.9481220260834188,0.6403504501410097
-0.9431816370715731,0.6520758937714409
-0.938059566329053,0.6638346967904087
-0.9328928180126376,0.6756382537478489
-0.9277399161723335,0.687470843401552
-0.9225629540589303,0.699291301236156
-0.9172471842101901,0.7110435292229106
-0.9116484410353668,0.7226719068818109
-0.9056488473171127,0.7341360480822912
-0.8991992679016034,0.7454197075895664
-0.8923331594639743,0.7565308249830641
-0.8851480958199343,0.7674929053112338
-0.8777636969746462,0.7783310235128053
-0.8702732367185351,0.7890576050450208
-0.8627077992495449,0.7996631248713579
-0.8550261954915167,0.8101150041588021
-0.8471333819690873,0.8203649580747092
-0.8389190254347865,0.8303619645037764
-0.8303003917592219,0.8400660036032761
-0.8212526456942058,0.8494574920061956
-0.8118151441779741,0.8585389763811818
-0.8020720718770707,0.8673285481012293
-0.7921159039431146,0.8758475218258153
-0.7820087371563446,0.8841070453950065
-0.7717570238887727,0.8920986879146598
-0.7613095875175401,0.8997925435285591
-0.7505793006113272,0.9071435482096096
-0.7394792492337755,0.9141035934898095
-0.7279583663773836,0.9206348020176847
-0.716021707682142,0.9267188489208711
-0.7037267180713905,0.9323586719059617
-0.6911566107561171,0.9375717888200555
-0.6783815331068557,0.9423776723335469
-0.6654237442684926,0.9467840061749874
-0.6522422854157125,0.9507772548664066
-0.6387456828038879,0.9543215523384774
-0.6248305704826532,0.9573669405497331
-0.6104337181465778,0.9598645374059601
-0.5955787707187014,0.9617835493308473
-0.5803995343690975,0.9631241630565389
-0.565128923863281,0.9639216079649905
-0.5500542679629576,0.9642396506209724
-0.5354514735684057,0.9641554134310139
-0.5215183402219159,0.9637403986981519
-0.5083282437991392,0.9630438749078486
-0.4958190478919816,0.9620838923664427
-0.48382062002426907,0.9608484749832232
-0.4721117102632825,0.9593059798452296
-0.460487564038253,0.957420514477342
-0.4488166908479533,0.9551667585951776
-0.43706960102670733,0.9525390703247394
-0.42531237127563876,0.949552112522902
-0.4136699763061778,0.9462334930433024
-0.40227417856877534,0.9426118403698369
-0.3912150547978895,0.9387052531102852
-0.3805126832681626,0.9345146452798306
-0.3701173139981449,0.9300243808064512
-0.35993565685557266,0.9252096195452238
-0.34987167910917305,0.9200471566645599
-0.33986575977058164,0.9145252483691431
-0.32991762848332973,0.9086484543456957
-0.3200853623253852,0.9024356413391672
-0.3104620741671514,0.8959121137451981
-0.3011402344956757,0.8890992247829591
-0.2921777842626385,0.8820058160406964
-0.28357891170372257,0.8746250380294891
-0.27529627499965237,0.8669378470378987
-0.267253023627957,0.8589216763643049
-0.2593754683999508,0.850560592830813
-0.2516234839973427,0.8418525862196549
-0.24400701034996508,0.8328108016857455
-0.23658271049537066,0.8234580668512145
-0.22943264515694295,0.8138169554657956
-0.2226336973524402,0.8038996591122229
-0.2162298145636619,0.7937022115327618
-0.21021773844656322,0.7832059261379491
-0.2045514111813449,0.7723858754140696
-0.19916288697530893,0.761223070538691
-0.19399122012195347,0.7497150354952208
-0.18900788918539205,0.737879648604818
-0.18422891703816835,0.7257495626500219
-0.1797092590143789,0.7133584044960298
-0.17552208486595328,0.7007238209523522
-0.17173149041212474,0.6878346777658859
-0.168369632625284,0.674649232811216
-0.16542734811324733,0.6611077690399849
-0.16286177816743408,0.6471579690315892
-0.1606175861525172,0.6327860391420467
-0.15865276878713083,0.6180432414762774
-0.15695806099388399,0.6030575198109467
-0.15556134592744947,0.5880236419616022
-0.1545144087873768,0.5731717323128109
-0.1538665242140189,0.5587211902551037
-0.15363493970440978,0.5448323610170468
-0.15378408207755534,0.5315699884451242
-0.1542224869007079,0.5188896598645288
-0.15482001653468214,0.5066518826156367
-0.1554402880318572,0.49466015047396233
-0.15597728409371797,0.4827120499989203
-0.15638317682489816,0.47064854064592937
-0.15667727408882914,0.4583873349914145
-0.15693270046378358,0.44593155450766253
-0.15724548668956728,0.433352793817894
-0.15769715825082056,0.420755741278572
-0.15832427074489125,0.408236931015961
-0.15910573028545158,0.39585130812219427
-0.1599721157477776,0.3835968384534918
-0.1608330523489081,0.37142070718482084
-0.16161202785375492,0.35924311726311514
-0.16227538720039464,0.3469889306668899
-0.16284457804793415,0.334615306907312
-0.16338715685174848,0.32212565168592405
-0.1639901628772458,0.30956565119999063
-0.16472615898060539,0.29700385840597215
-0.16562498916896282,0.2845047792734851
-0.16666207480973774,0.27210476239090214
-0.16776771633933438,0.2597994992477724
-0.1688538088613777,0.2475472875190158
-0.1698476938328271,0.23528621184045764
-0.17072011323855002,0.222958301796423
-0.17149647086134334,0.21053137843140807
-0.17224699532703178,0.19801047562229457
-0.1730595074682903,0.1854348762758123
-0.17400521714559364,0.17286230561305008
-0.17511072339183326,0.1603465906444611
-0.1763470863488949,0.1479173714013765
-0.17764033160095982,0.13556945266800333
-0.17889950824678724,0.12326557115464157
-0.18005160714608348,0.11095121831589679
-0.1810698911001418,0.0985756571518943
-0.18198459424766752,0.08611107413609485
-0.1828716406674725,0.07356268624177761
-0.1838234809070157,0.060966180007208964
-0.1849131144441478,0.04837370174920786
-0.18616515087296095,0.03583390041690908
-0.18754523404556092,0.023373651223279193
-0.18897221303696676,0.010988305490815264
-0.1903487045636001,-0.0013560259776095526
-0.19159849759001887,-0.013709236608816967
-0.19269640295752996,-0.026118205668491924
-0.1936788207322802,-0.038609236913844915
-0.19463055143513128,-0.05117850639083008
-0.1956524978410295,-0.06379394462352264
-0.1968224059569082,-0.07640763510242028
-0.1981637486927675,-0.08897390308784141
-0.19963502928747331,-0.10146624754837182
-0.20114414172116843,-0.11388684579820343
-0.20258281554121066,-0.12626525782823206
-0.20386825830466243,-0.1386470384578963
-0.2049759868539542,-0.1510766816157729
-0.20595083324068858,-0.16358130234831994
-0.2068912232478697,-0.17616102393306107
-0.20791205944145333,-0.18878941500165203
-0.20910000417367344,-0.2014235525362745
-0.21047833321233758,-0.21401979704088434
-0.21199536391443677,-0.22654942590121732
-0.21354177374058728,-0.2390085280576235
-0.21499109101983643,-0.2514188301604547
-0.2162484381080992,-0.26381948614177525
-0.21728884785906155,-0.27625305029049635
-0.21816979975980494,-0.28875073424593384
-0.21901201221877248,-0.301322030447777
-0.21995459894753672,-0.31395200319100525
-0.22110091203284649,-0.32660676099890895
-0.22247574876753207,-0.33924488267579544
-0.22401117096380005,-0.3518308090648584
-0.22556794525402232,-0.3643459209596048
-0.2269861725131318,-0.37679411484616193
-0.22814702557111266,-0.3892006104396588
-0.22902219703507745,-0.4016047350051521
-0.2296910271431767,-0.4140489076541574
-0.23031651715154683,-0.42656670299758326
-0.23108670793157826,-0.43917278202004545
-0.23214166818926332,-0.4518569347933073
-0.23351331208717233,-0.46458377684043956
-0.2351024152542168,-0.47729888471510035
-0.2367049619106297,-0.48994123025622294
-0.23808226383697137,-0.5024604737144138
-0.2390522996717295,-0.5148359536810692
-0.2395696843418412,-0.5270923806968366
-0.23976269151442134,-0.5393060208410898
-0.2399081864018798,-0.5515954668158194
-0.2403455187946581,-0.5640936522957493
-0.24135179635100473,-0.576902619643087
-0.24301619308996167,-0.5900387863788508
-0.24515451727055013,-0.6033822443455799
-0.24729538930455644,-0.6166466973031786
-0.24874876587325703,-0.6293850738649828
-0.2487425732594548,-0.6410389133221149
-0.24659186989253237,-0.6510283491875756
-0.24185418723185154,-0.6588667263389368
-0.23442806597050442,-0.6642735200326486
-0.22456829762625588,-0.6672551371855447
-0.21281574054891148,-0.6681277727395952
-0.19986405785049244,-0.6674696350261886
-0.186402668824653,-0.6660085475006329
-0.1729795707137751,-0.6644699500711807
-0.15991864001230818,-0.6634236899679321
-0.1473070921014319,-0.6631709233336907
-0.13504654272291763,-0.6637030753511892
-0.12294289441219557,-0.6647450886308508
-0.11080164711188976,-0.6658706104545274
-0.09849825041913358,-0.6666548092479677
-0.08600576930542807,-0.6668183171875551
-0.07337927201155063,-0.6663177901355415
-0.06071162716479147,-0.6653548045705329
-0.04808358067808673,-0.6643006588302702
-0.03552974172182598,-0.6635620972934609
-0.023032703768154205,-0.6634330915412721
-0.010544178192856243,-0.6639836525623753
0.0019797970186950955,-0.6650256811915821
0.014548151632948866,-0.666171019440996
0.027124552210320976,-0.6669658102917835
0.03964398860823795,-0.6670580757144194
0.05204987194909639,-0.6663413134638908
0.06433488712975896,-0.6650211963995712
0.076565010094739,-0.6635746028856346
0.08887079463314956,-0.662603800966029
0.10140187654661717,-0.6626232488564399
0.11425541709771757,-0.6638410244838865
0.12740137306326177,-0.6660030812969935
0.1406322097358757,-0.6683536797263627
0.15355966100765894,-0.6697333968316718
0.1656675313820664,-0.6687964810927328
0.1764116174984917,-0.6642939814403256
0.1853415972557987,-0.6553488462621713
0.19221082483854043,-0.6416502842333229
0.19704167439994852,-0.6235167968040427
0.20012617003471378,-0.6018137172098073
0.2019604115033353,-0.5777508498221413
0.20313078078220514,-0.5526171286879031
0.204183864789876,-0.5275231941661624
0.20551605317340993,-0.5032160368988987
0.2073117416601055,-0.4800053785889321
0.20954346846230185,-0.45780745648636995
0.21202832364402155,-0.4362789977480076
0.21451872231306823,-0.4149920732713472
0.2167971321458637,-0.3935949411558442
0.21874587929578346,-0.37191518194678114
0.22037363923627024,-0.34998444690603325
0.22179570343818625,-0.32799076699290436
0.223180236833962,-0.30618596060804926
0.22468258596403373,-0.2847859618575817
0.22639140865159427,-0.2638987996162308
0.22830402332150046,-0.24350094680622522
0.23033668601840265,-0.223463618204154
0.2323628733878214,-0.20361324245263643
0.23426347442211423,-0.1838004108841203
0.23596997359494595,-0.16395169098467027
0.23748574449977977,-0.144087699663546
0.23887954714545956,-0.12430470783414646
0.24025571767934895,-0.10473043482998755
0.24171357743385796,-0.08547290419039891
0.24331157400516004,-0.06658184402152258
0.24504887553284663,-0.04803561920917073
0.24686995143448948,-0.02975607250673314
0.24868895559630644,-0.011643142474080461
0.25042372052939255,0.006385459238454356
0.25202630088395755,0.024364812156277546
0.25349906220952056,0.042273759086067696
0.2548912575475071,0.06004796133342678
0.2562784815093447,0.07760828141875949
0.2577335396315726,0.09489250216873986
0.2592999483400005,0.11187806572993773
0.2609776992933099,0.12858785921380247
0.26272588951883147,0.14507811289163447
0.2644803624418635,0.16141436393852213
0.2661790671449942,0.17764557649013005
0.26778536815342846,0.19378651213804043
0.2693007852188982,0.20981458658894
0.27076296747286316,0.22568145177315785
0.2722303657564391,0.24133383987687637
0.27375991209940714,0.2567349679574069
0.2753863003797169,0.27187812614228274
0.2771104666458561,0.2867876231364897
0.278901112817284,0.30150747995372185
0.28070811689918584,0.3160830293151647
0.2824823288600572,0.3305430659547666
0.2841941369391706,0.3448895549754469
0.2858439836459015,0.35909855389266315
0.2874612898887275,0.37313138890349984
0.28909268796903537,0.386951120193823
0.2907843780534014,0.40053748031354985
0.29256538677459276,0.41389440247302445
0.29443788153556766,0.42704747779885993
0.2963778238227009,0.4400328169472262
0.2983452862659751,0.45288216332434084
0.3003002188664889,0.4656104042278675
0.302217616846649,0.47821041708631246
0.3040965179603334,0.49065704794416715
0.30595976601067754,0.5029182733393243
0.3078450078898401,0.5149687653834418
0.30979059977578666,0.5268002681096515
0.31182181755975313,0.5384246629680468
0.31394242916493004,0.5498686925113152
0.31613450518075425,0.5611627317313075
0.3183662001683485,0.5723283567096236
0.3206043256044659,0.5833698330310976
0.3228269138211965,0.5942729279944167
0.3250311777054188,0.6050113837438642
0.32723414752485797,0.6155582453123165
0.32946605402841855,0.6258972968123241
0.3317591676666305,0.6360298894969025
0.33413634147612853,0.6459744041421897
0.3366034302966081,0.6557586520294486
0.3391481726962471,0.665408421086955
0.3417456697943281,0.6749369332014428
0.34436820570459065,0.6843395702750039
0.34699568831366195,0.6935960319344677
0.3496229311224397,0.7026790152266517
0.35226129948469104,0.7115658175691639
0.3549343732479668,0.7202480587210044
0.35766942918243805,0.7287354874865053
0.3604879514435526,0.7370522691588443
0.36339857501953,0.7452272470290877
0.36639484896703167,0.7532821680376729
0.3694583975065206,0.761222732556771
0.3725661370094009,0.7690362051907996
0.3756988545014569,0.7766966534895142
0.37884810848378253,0.784175746052167
0.38201913801911214,0.7914547214459184
0.38522894918833395,0.798532594667319
0.3885004362575499,0.8054271436119681
0.391854701229175,0.8121681367948217
0.3953042415810263,0.8187854508771607
0.3988492612892035,0.8252968812653514
0.40247821927924415,0.8317006713539105
0.4061722825163826,0.8379759498839376
0.40991208769254306,0.8440910831673192
0.4136845306584845,0.8500166942270725
0.41748737858789536,0.8557381036784891
0.42133026761474685,0.8612620521194759
0.42523183224529454,0.8666147774053032
0.429213930377747,0.8718319898768925
0.4332948131346096,0.8769446295562787
0.4374833946268046,0.8819661341790906
0.44177643354045965,0.8868865014222765
0.44615955957644515,0.8916758087742265
0.4506119190403145,0.8962960638685119
0.45511310196437976,0.90071680598921
0.45965026277584,0.9049281835485239
0.46422318297987686,0.9089460416353192
0.4688455249515563,0.9128066243620776
0.4735415916231586,0.9165526586051096
0.478339271960489,0.920216184974822
0.48326113699952994,0.9238050528516469
0.4883164536511428,0.9272987880630413
0.49349689328935803,0.9306559535759856
0.4987778206935484,0.9338305135977988
0.5041254178505804,0.9367909076314137
0.5095079536925997,0.9395341236959689
0.5149078543887659,0.9420887155250468
0.5203304608138029,0.944504914942904
0.5258058808482086,0.9468351727567361
0.5313821826579557,0.949112574383212
0.5371109148474624,0.9513359010225093
0.543028789451599,0.9534679524585469
0.5491413706078355,0.9554487764411135
0.5554149616904795,0.9572194838562964
0.5617812024249581,0.9587476868773224
0.5681554311444483,0.9600442045325512
0.5744655223151207,0.9611632915816553
0.5806839761393208,0.9621844900360702
0.5868538455032251,0.9631812013239665
0.5930995562363763,0.9641865906988544
0.599616971236648,0.9651692549551876
0.6066424396483799,0.9660283062722584
0.6144065948600578,0.9666109616941282
0.6230835295885003,0.9667476769209419
0.63274811712548,0.96629329540357
0.6433528401697631,0.9651601377950081
0.6547307567201537,0.963331551889717
0.6666244342462191,0.9608513926042078
0.6787337599710782,0.9577937333095885
0.690770524939946,0.9542245392077321
0.7025060802107816,0.950170181755871
0.7138006501662296,0.945605182668393
0.7246083505308123,0.9404641928371924
0.7349589183066451,0.9346735926425331
0.7449235004838032,0.9281898854976743
0.7545756863412654,0.9210285257047557
0.7639592530681951,0.9132696254756226
0.7730709250264999,0.9050354335521507
0.7818610115562307,0.8964456733758901
0.7902489470724482,0.8875666431795332
0.7981464115134007,0.8783745338883724
0.8054791717193891,0.8687505472776595
0.8122003641067409,0.8585155480714245
0.8182918771276091,0.8474982146795579
0.8237552627504704,0.8356176558577548
0.8285974721468212,0.8229539563918531
0.8328183343903418,0.8097811646769005
0.8364055950508444,0.7965470693351242
0.8393400176658192,0.7837999203538616
0.8416088232140019,0.7720790350491767
0.843222198767648,0.7617984536162956
0.8442260641745547,0.7531562795887381
0.8447053142749119,0.7460956703297371
0.8447749822984931,0.7403285775272442
0.8445610318337033,0.7354149482456923
0.8441762472070364,0.7308740356259094
0.8436986068959434,0.7262958160848703
0.8431589056718928,0.7214218867286172
0.8425414505240335,0.7161759332926013
0.84179741740727,0.710640197511303
0.8408663862234262,0.7049908892138297
0.8396990573657578,0.6994168739881634
0.8382740207663382,0.6940488210300266
0.8366036867990396,0.6889198989129393
0.8347282727028069,0.6839666454314303
0.8327007361656629,0.67906439435224
0.830568395299251,0.6740805393501181
0.8283577486009838,0.6689245070893275
0.8260675329110644,0.6635766217689953
0.8236719363009304,0.6580873438814288
0.8211322636882905,0.6525499302697864
0.8184125070977227,0.6470590952815941
0.815493148492701,0.641672453292557
0.8123784300869361,0.6363892191305031
0.8090948537038687,0.6311531034133255
0.8056818596521951,0.6258766839282659
0.8021783411796061,0.6204764928851216
0.7986099479292454,0.6149045665239229
0.7949816305097215,0.6091643404879566
0.7912778352694305,0.6033054514678389
0.7874699591256736,0.5974004631648534
0.7835281340763065,0.5915134532194106
0.7794330090272817,0.5856731783721504
0.7751833744615766,0.5798612619557749
0.7707971027249146,0.5740195802547892
0.7663053221501797,0.5680733274201472
0.7617421180453203,0.5619601522107581
0.7571335325521978,0.5556536135382459
0.7524897410229267,0.549171733689509
0.7478030347596458,0.542567536975392
0.7430521263849772,0.5359056745609155
0.7382110804024477,0.529234697668201
0.7332596250552803,0.5225661316245436
0.7281912281850798,0.5158686535971251
0.7230162026418976,0.5090795690782897
0.7177588973612611,0.5021288641383915
0.7124500858128437,0.4949661237830438
0.707117277345177,0.4875795094902871
0.701776318369674,0.47999919340027275
0.6964271346762778,0.4722838665313961
0.6910550016581324,0.46449570219344843
0.6856368321688678,0.4566737817125958
0.6801502848883109,0.4488166412166926
0.6745825738807288,0.4408810073930127
0.6689359915213499,0.43279736499136023
0.6632282806824842,0.4244962740920337
0.65748772555256,0.41593499800954353
0.6517446001064419,0.4071137622971523
0.6460218404092575,0.39807497663801666
0.6403280913157137,0.3888854685877403
0.6346555227203511,0.3796085678629686
0.6289832516249142,0.3702770480264965
0.6232853407483413,0.3608777857693308
0.6175407761626208,0.35135452527712613
0.611742077937007,0.3416280360503379
0.6058995421339568,0.3316259944561069
0.6000394777624097,0.32131086460750197
0.5941967797070534,0.31069457142627716
0.5884041377310871,0.2998337441298381
0.5826814627193416,0.28880689047275576
0.5770292403348266,0.27768210078985783
0.571428380943661,0.26648790075698586
0.5658470270306907,0.25519899511686245
0.560252362930675,0.2437430813345452
0.5546235633196929,0.2320267263462525
0.548961325462821,0.21997064849648712
0.5432903005465208,0.20754067127048262
0.5376529969243908,0.1947618424358717
0.5320966896898153,0.18170943680980398
0.5266575373768323,0.16847950165263764
0.5213474880170595,0.15514983229936452
0.5161490305457143,0.14174651101349775
0.5110204218520522,0.12822957664289672
0.5059103970860404,0.11450439987543731
0.5007777645431885,0.10045544610745631
0.49560902955359537,0.08599008221377451
0.49042725803960113,0.0710755108144296
0.48528799488110785,0.055753795003428155
0.48026248889049217,0.04012783380168228
0.4754132798320681,0.024322258864203045
0.47077061235124973,0.008433353819391948
0.4663187255993988,-0.007512767472796227
0.4619982971754534,-0.023576623156893923
0.4577258692405022,-0.03988833786517747
0.45342471131261936,-0.05660169781117759
0.44905658309155216,-0.07383554643040935
0.44464229903690855,-0.0916248562289566
0.4402618547697544,-0.10990155988310789
0.43603159254848595,-0.1285149774975582
0.43206437636039013,-0.14728686950396225
0.4284260154805409,-0.1660821811710382
0.4251043158572425,-0.18486886704544764
0.4220044452690768,-0.20374220753122135
0.4189760427518424,-0.2229007215141403
0.41586607367560524,-0.24257843889398992
0.412580705276915,-0.262955698074961
0.40913356628247166,-0.28408116949570983
0.4056595228110811,-0.3058369151824961
0.40238296363096765,-0.32796528523203955
0.399545049576383,-0.3501550351606208
0.3973105935013867,-0.37216130172807665
0.3956864425574992,-0.393918135684477
0.3944847147130287,-0.41559952017032786
0.39335410477402,-0.4375974156105982
0.3918826493644986,-0.4604103716211626
0.3897513363006983,-0.48446613189970206
0.3868973546423041,-0.5099267166107253
0.38363591639388817,-0.5365359489452275
0.3806949678954553,-0.5635625129452048
0.37913771213398184,-0.5898673655861679
0.3801786749715267,-0.6140893613729164
0.3849313081219551,-0.6349077196770436
0.39414887284888384,-0.6513154110350775
0.4080275738070403,-0.6628315890558538
0.42612824659349674,-0.6695961650562814
0.4474429949102039,-0.6723213763779331
0.47059417776138546,-0.6721143763293678
0.494116406752289,-0.6702198015009841
0.5167488116930371,-0.6677516216266866
0.5376620894080011,-0.6654835782557869
0.5565639040398913,-0.6637477017464692
0.5736615045751973,-0.6624573123461769
0.5895013466429462,-0.6612349487417214
0.604739644583705,-0.659597703563862
0.6199148506166269,-0.6571404342705534
0.635288164842209,-0.6536639165282756
0.6507933725366183,-0.6492169716249125
0.6661008932115673,-0.6440510881166941
0.6807647587543412,-0.6385133513318362
0.6943968359791708,-0.6329201924868624
0.7068074188533988,-0.6274561068624088
0.7180663316199472,-0.6221287431791265
0.7284682234745301,-0.6167899170348647
0.7384194390267527,-0.611209028602007
0.7482902246341928,-0.6051687903137233
0.7582863420153529,-0.5985481159358758
0.7683853392541307,-0.5913643131494767
0.778358331594635,-0.5837629779263076
0.7878670329207788,-0.5759630307842544
0.7965989950304512,-0.5681794488405351
0.8043909231141602,-0.560552500569603
0.8112949897219957,-0.5531081045764863
0.8175642769746475,-0.5457614250397834
0.8235631476342028,-0.538359846990007
0.8296358167241329,-0.530747815868402
0.835981799482827,-0.5228293102669548
0.8425846700619735,-0.5146058953091037
0.849221380894012,-0.5061781165438571
0.8555500349921303,-0.4977115825725402
0.8612449543876703,-0.4893814780257715
0.8661296555736268,-0.4813161583045552
0.8702577298614895,-0.4735597621148571
0.8739092614193132,-0.4660660830250204
0.8775004259852033,-0.4587243332033685
0.8814358799113137,-0.45140620113809204
0.8859560875547614,-0.44401669706330354
0.8910364739219058,-0.4365309265621074
0.8963798705240315,-0.4290049460944334
0.9015127653931982,-0.42155880333914825
0.9059595404727692,-0.4143400337346698
0.9094395291448838,-0.40748263472718005
0.9120197078332528,-0.40107758850468317
0.9141659424301812,-0.3951661711282809
0.9166654364043867,-0.3897584700318943
0.9204332595755144,-0.38486996677122726
0.926253767967019,-0.38056211889099173
0.9345310272421686,-0.3769709614298332
0.9451232185390527,-0.37431141329886686
0.9573137266944063,-0.37285286355758424
0.9699328323238805,-0.3728709935263913
0.9816005175478784,-0.37458853133494924
0.9910261300112154,-0.37812127379480304
