-0.9838258295156143,-0.05716542330085601
-0.9651340567378875,-0.052180916122297076
-0.9464421363694532,-0.047196408943738145
-0.9277503635917265,-0.042211827969825325
-0.9090585908139998,-0.037227320791266394
-0.890366818036273,-0.03224281361270746
-0.8716748976678386,-0.02725830643414853
-0.852983124890112,-0.0222737992555896
-0.8342913521123853,-0.017289218281676774
-0.8155994317439508,-0.012304711103117844
-0.7969076589662241,-0.007320203924558913
-0.7782158861884975,-0.0023356967459999814
-0.7595241134107708,0.00264881043255895
-0.7408321930423363,0.007633391406471773
-0.7221404202646096,0.012617898585030703
-0.7034486474868828,0.017602405763589634
-0.6847567271184485,0.022586912942148568
-0.6660649543407218,0.0275714201207075
-0.6473731815629951,0.03255600109462032
-0.6286814087852683,0.03754050827317925
-0.6099894884168339,0.04252501545173818
-0.5912977156391073,0.04750952263029711
-0.5726059428613806,0.05249402980885605
-0.5539140224929461,0.05747861078276887
-0.5352222497152194,0.0624631179613278
-0.5165304769374928,0.06744762513988674
-0.49783870415976605,0.07243213231844567
-0.4791467837913316,0.0774166394970046
-0.46045501101360486,0.08240122047091741
-0.4417632382358782,0.08738572764947634
-0.4230714654581515,0.09237023482803527
-0.42561932384658774,0.11141622530443815
-0.4281162634408393,0.13059925375301637
-0.43039137420129486,0.14980988166394976
-0.43243683382044207,0.16904626415339108
-0.4342436392651062,0.18830655633749305
-0.43580160677645025,0.2075886181509928
-0.43709892909785175,0.2268897929611503
-0.43812173270277927,0.24620764552128716
-0.43885496333903895,0.2655384860637088
-0.4392813528938204,0.2848785510253668
-0.43938038625874193,0.3042230437082582
-0.4391302200090519,0.3235660604840718
-0.43850738722221294,0.3429007383848958
-0.4374774992633119,0.3622178529914937
-0.4360089717208836,0.38150663018219755
-0.43406092196887236,0.40075290124906027
-0.4315890727949437,0.4199385125350247
-0.42853955359075735,0.43904088266180014
-0.42485037625904487,0.4580297555342915
-0.42045025448794776,0.47686631479635205
-0.41525447121119924,0.4954987561095505
-0.4091690111479424,0.513859335339015
-0.40208273849521753,0.5318565462459207
-0.3938762523704293,0.5493703975848413
-0.38441937776931406,0.5662406058471258
-0.37358976199512084,0.5822623151303729
-0.3612835011895713,0.5971773892866725
-0.34745203800980523,0.61068739990489
-0.33217403830307024,0.6225387861490562
-0.31582423487642425,0.6328655603818371
-0.29860438422740493,0.6416665418775702
-0.2806840680792534,0.6489373029150222
-0.26222563621052963,0.654708985133535
-0.24337579378476873,0.6590373778206503
-0.22426176399207848,0.6619914058369019
-0.20499114045843178,0.6636463404432585
-0.18565410110628333,0.6640765673564423
-0.16632421990346227,0.6633744783595246
-0.1470503493742444,0.6617430106757052
-0.12788296554069103,0.6591411340882208
-0.10886007301005601,0.6556358547784044
-0.09001281342168127,0.6512829620337974
-0.07136738412619806,0.6461326366950457
-0.052947989999682574,0.6402245806625425
-0.0347767696483021,0.6335925922083699
-0.01687578788287,0.6262617617528508
0.0007306766251836347,0.618249652590211
0.01801642652522754,0.6095671864328266
0.0349500249965042,0.600216724732022
0.05150483191625902,0.590210665107251
0.06764594208210162,0.5795504834655911
0.08332324844874008,0.5682193544663555
0.09848133070540237,0.5562028142201816
0.11305606068955733,0.5434855132934598
0.12697534034045355,0.5300543161131979
0.1401579209734572,0.5158997768740975
0.15251104182872746,0.5010161395385554
0.16393175838758656,0.4854062083300193
0.17430399055836412,0.46908134773298843
0.18350361455581576,0.45206871443769464
0.19139484692878225,0.43441184770293356
0.19784256838428937,0.4161789344357003
0.2027132093317947,0.39746354714472854
0.20588788545618,0.37838789093606157
0.20727501672326673,0.35909985169889663
0.20682036354794506,0.33976768284010495
0.20443138655643586,0.32058133360060165
0.19976774157659444,0.30181849589707804
0.1930162046491186,0.28370011301908343
0.1844443577272166,0.2663663961390105
0.17433527978841387,0.24987962853554305
0.16294939463659128,0.23424586142770018
0.15051495130133327,0.21943092756663046
0.13721813546050654,0.20538368677208746
0.12320889927321735,0.19204591450985128
0.10860974302692451,0.1793559916594231
0.09351645309097842,0.16725731718436856
0.07800725254050335,0.15569631565776293
0.06214412947276767,0.14462561046240824
0.04597844545407942,0.13400121956738556
0.029550861724432463,0.12378617150039552
0.012896062100155514,0.11394585624046334
-0.00395783738891901,0.1044503866692632
-0.020987074638838244,0.09527290127797883
-0.03817106074586664,0.08638875241841067
-0.05549444627639489,0.07777941745673211
-0.07294143902469034,0.06942312676354537
-0.09049993655271492,0.061304014337763876
-0.10815879576203107,0.05340525483870053
-0.12591004675441858,0.045716369326102825
-0.14374416992922556,0.03822178698029978
-0.16165437611389402,0.0309110288610389
-0.17963535204294384,0.023775756093330512
-0.19768001336240146,0.016803202080951495
-0.21578415373709514,0.00998650385599
-0.23394386201326864,0.0033192412226575197
-0.2521541939022113,-0.0032083268057595394
-0.25804867158959854,-0.016595615750456472
-0.25393856555929256,-0.035498959807788284
-0.2496486940469084,-0.05436223298795736
-0.24518791249491298,-0.07318573047237925
-0.24056758538780548,-0.09197092816813177
-0.23579745371229954,-0.11071849023339995
-0.23088696327369315,-0.12942981877990772
-0.22584349360737543,-0.1481055041704862
-0.22067722847218327,-0.16674805544716767
-0.2153300171292507,-0.1853391713621872
-0.20974282329546504,-0.20385951753282539
-0.20397512602606227,-0.22232459098339932
-0.1980183650599911,-0.24072959501590607
-0.1918599213917362,-0.2590680356392033
-0.18548931608104502,-0.27733378783891793
-0.17889289698744776,-0.29551932448895324
-0.17205723335653633,-0.31361612222593477
-0.16496395014519183,-0.3316133700305175
-0.15759327019857156,-0.34949896546466336
-0.1499243094315244,-0.3672587398204253
-0.14192836145138676,-0.3848733587150839
-0.1335747273909401,-0.4023214583936877
-0.12482473848474554,-0.4195737421007421
-0.11562555725941726,-0.4365908769126232
-0.10591549079910245,-0.45332124297928444
-0.09560583708842432,-0.4696886834955103
-0.08457247234213842,-0.48557619592770696
-0.07261851055606389,-0.5007806585642897
-0.0593836828125055,-0.5148760139295695
-0.04397528671544537,-0.5264732858726124
-0.025003091592933374,-0.5276003623125878
-0.006145943427137248,-0.5233865738100651
0.011954285793800208,-0.5165896896376233
0.029309772303270986,-0.5080571018439912
0.046012317521515335,-0.4983033485341731
0.06215733884111414,-0.4876499191673943
0.07782785603519464,-0.47630912297679906
0.09309308914570648,-0.46442729614915285
0.10800831089271391,-0.4521091911893038
0.12262259518655437,-0.43943498674925435
0.1369736514530661,-0.4264633870330247
0.15109173578734433,-0.41323841096921077
0.16500776844266934,-0.39980097808154497
0.1787432238670234,-0.38617879852541337
0.19232164277829772,-0.37240039420509485
0.20576117883354939,-0.35848576366149376
0.2190791001455889,-0.3444554589006687
0.23229289621328839,-0.33032637905866075
0.24541931858198107,-0.31611656709949615
0.25847386427598407,-0.30184026552647586
0.2715813212387268,-0.2876125950916697
0.2847427964005177,-0.2734351054975093
0.29793526561094275,-0.25928632229601245
0.3111894277372205,-0.24519509947055051
0.3245338415813069,-0.23118970064166364
0.3379989846243587,-0.2173003081090932
0.3516192455012891,-0.20356300780089187
0.36543240743329025,-0.1900198630687774
0.3794808289534955,-0.17672127613945732
0.3938149860839662,-0.16373093240333939
0.40848893392142743,-0.15112624318665513
0.42356525092597863,-0.13900631564968002
0.4391142640698778,-0.1275002916617231
0.45521205636298645,-0.11677671981107107
0.4719315745126257,-0.1070535177777637
0.48932820193189064,-0.09860498289221337
0.5074213836965316,-0.0917823810389406
0.5261534487374826,-0.08699933517650374
0.5453444470842811,-0.08468968819042724
0.5646637017561418,-0.08520308246744604
0.5836755987790471,-0.08867264482597927
0.6019562945379247,-0.09494827551621288
0.6190879966367214,-0.10387456152285272
0.6338013142954834,-0.11637195229497964
0.645795125572659,-0.1315197769974511
0.6554425766751973,-0.14827287203311068
0.6632171754913393,-0.1659790340642709
0.6695212542904979,-0.18426389926064332
0.6746623183123364,-0.20291058307714266
0.6788697973121013,-0.22179090298406054
0.6823121291850488,-0.24082604554344145
0.6851155408840092,-0.25996612509605516
0.6873792502622885,-0.2791776385512353
0.6891788237622714,-0.2984381521213989
0.6905757329137486,-0.31773257465667537
0.691618239878165,-0.33704924649115
0.6923473748722837,-0.35638012393124857
0.6927960137262633,-0.37571981991613707
0.6929924938559977,-0.3950637222361974
0.6929601345933166,-0.4144086945888891
0.6927183441162932,-0.4337518589554106
0.6922865306030007,-0.45309221909848413
0.69167978520331,-0.4724274135667853
0.6909095830947509,-0.49175714717889857
0.6899882849991004,-0.5110801285161308
0.6889279933543963,-0.5303961361924204
0.6877344273005653,-0.5497041739704898
0.6864195047872609,-0.5690042049526619
0.6849877642287471,-0.588296229138937
0.6834475076023369,-0.6075798406548685
0.6886034044903073,-0.6053512209673642
0.6983210718720728,-0.5886241018962741
0.7080387023561615,-0.5718969828251841
0.7177563512890885,-0.5551698268564171
0.7274740002220156,-0.5384427077853271
0.7371916491549427,-0.5217155887142372
0.7469092796390313,-0.5049884696431471
0.7566269285719583,-0.4882613136743802
0.766344559056047,-0.4715341946032902
0.7760622079889741,-0.4548070755322002
0.7857798569219011,-0.43807991956343323
0.7954974874059898,-0.42135280049234325
0.8052151363389168,-0.4046256814212532
0.8149327668230054,-0.38789856235016323
0.8246504157559326,-0.3711714432790732
0.8343680646888596,-0.3544443242079832
0.8440856951729482,-0.33771716823921627
0.8538033441058753,-0.32099004916812623
0.8635209745899639,-0.3042628931993593
0.8732386235228909,-0.2875357741282693
0.8829562724558181,-0.27080865505717927
0.8926739029399067,-0.2540815359860893
0.9023915518728338,-0.23735441691499928
0.9121091915813416,-0.22062729784390928
0.9218268312898494,-0.20390010497746536
0.9315444802227766,-0.18717298590637538
0.9412621199312844,-0.17044586683528537
0.9509797596397922,-0.15371874776419536
0.9606974039605097,-0.13699162869310536
0.97024771270407,-0.12017042054580448
0.9786666464282908,-0.10275825920454551
0.9857529075504916,-0.08476289318148698
0.9914611326829728,-0.06628424138579714
0.9957540021316088,-0.04742620767575432
0.9986066491682432,-0.028297492607639786
1,-0.009007682281981478
0.9999272654543213,0.010332973042507642
0.9983882817977656,0.02961156647437454
0.9953919390643721,0.04871843811773738
0.9909571934356712,0.06754355909994486
0.9851107519114574,0.08597881922754688
0.9778897427791566,0.10392112639115787
0.9693418839594787,0.12126960234200901
0.9541315223067944,0.12716164478271788
0.9348734439833092,0.12532989650843868
0.9156153656598239,0.12349822202951334
0.8963572873363387,0.12166647375523412
0.8770992090128534,0.1198347992763088
0.8578411306893683,0.11800305100202958
0.838583052365883,0.11617130272775036
0.8193249740423978,0.11433962824882503
0.8000668957189125,0.11250787997454581
0.7808086698047195,0.11067620549562049
0.7615505914812343,0.10884445722134127
0.742292513157749,0.10701278274241594
0.7230344348342639,0.10518103446813672
0.7037763565107786,0.1033493599892114
0.6845182781872934,0.10151761171493218
0.6652601998638081,0.09968586344065296
0.6460021215403229,0.09785418896172764
0.6267440432168376,0.09602244068744842
0.6074858173026446,0.09419076620852308
0.5882277389791594,0.09235901793424386
0.5689696606556742,0.09052726965996465
0.549711582332189,0.08869559518103932
0.5304535040087037,0.0868638469067601
0.5111954256852185,0.08503217242783477
0.4919373473617332,0.08320042415355555
0.47267926903824803,0.08136874967463023
0.4534211907147628,0.07953700140035101
0.43416311239127753,0.07770532692142569
0.4149048864770845,0.07587357864714647
0.3956468081535993,0.07404183037286725
0.37638872983011407,0.07221015589394192
0.3571306515066288,0.0703784076196627
0.3378725731831436,0.06854673314073738
0.31861449485965837,0.06671498486645816
0.2993564165361731,0.06488331038753282
0.28009833821268787,0.0630515621132536
0.2608402598892027,0.061219887634328285
0.24158210777036354,0.059388139360049066
0.2223240294468783,0.05755639108576985
0.20306587732803918,0.05572471660684452
0.18380779900455393,0.0538929683325653
0.1645497206810687,0.05206129385363997
0.1452916423575835,0.050229545579360754
0.12603356403409824,0.048397871100435426
0.10677541191525912,0.04656612282615621
0.08751733359177388,0.044734448347230886
0.06825925526828865,0.04290270007295167
0.049001176944803417,0.04107095179867245
0.029743024825964293,0.03923927731974712
0.01048494650247906,0.0374075290454679
-0.008773131821006173,0.035575854566542574
-0.028031210144491406,0.033744106292263355
-0.04728928846797664,0.03191235801798414
-0.06654744058681576,0.03008068353905881
-0.085805518910301,0.02824893526477959
-0.10506359723378624,0.026417260785854265
-0.12432167555727147,0.024585512511575047
-0.14357982767611058,0.022753838032649718
-0.16283790599959583,0.0209220897583705
-0.18209598432308105,0.01909041527944517
-0.2013540626465663,0.017258667005165956
-0.22061214097005152,0.015426918730886736
-0.23987021929353675,0.01359524425196141
-0.25912844520772976,0.011763495977682191
-0.27838637594050725,0.009931821498756864
-0.29764460185470026,0.008100073224477646
-0.31690268017818546,0.0062683987455523175
-0.3361607585016707,0.0044366504712731
-0.35541883682515596,0.0026049021969938814
-0.37467691514864115,0.0007732277180685541
-0.3939349934721264,-0.0010585205562106642
-0.41319307179561165,-0.0028901950351359917
-0.43245129770980467,-0.00472194330941521
-0.4517092284425821,-0.006553617788340537
-0.4709674543567751,-0.008385366062619755
-0.49022553268026037,-0.010217114336898973
-0.5094836110037456,-0.012048788815824302
-0.5287416893272309,-0.013880537090103518
-0.547999767650716,-0.015712211569028845
-0.5672578459742013,-0.017543959843308064
-0.5865159242976865,-0.019375634322233392
-0.6057741502118795,-0.02120738259651261
-0.625032080944657,-0.02303905707543794
-0.64429030685885,-0.024870805349717157
-0.6635483851823353,-0.026702553623996376
-0.6828064635058205,-0.0285342281029217
-0.7020645418293057,-0.03036597637720092
-0.7213226201527909,-0.03219765085612625
-0.7405806984762762,-0.034029399130405466
-0.7598387767997614,-0.035861073609330794
-0.7790968551232467,-0.03769282188361001
-0.7983549334467319,-0.03952457015788923
-0.8176131593609249,-0.04135624463681456
-0.8368712376844101,-0.04318799291109378
-0.8561293160078953,-0.0450196673900191
-0.8753873943313806,-0.04685141566429832
-0.8946454726548658,-0.048683090143223647
-0.9139035509783511,-0.050514838417502865
-0.9331616293018363,-0.05234651289642819
-0.9524197076253216,-0.05417826117070741
-0.9716777859488067,-0.05601000944498663
-0.9844631261918159,-0.05005162498112987
-0.9861894947007389,-0.030783805670931037
-0.987915863209662,-0.011515986360732207
-0.9896420841278772,0.007751832949466622
-0.9913684526368003,0.02701972605501934
-0.9930946735550156,0.04628754536521817
-0.9948210420639386,0.065555364675417
-0.9965474105728617,0.08482318398561582
-0.998273631491077,0.10409100329581465
-1,0.12335882260601348
-0.9947555117896835,0.14107767743804292
-0.9850312028260678,0.15780095915073059
-0.9753070414531598,0.17452424086341828
-0.9655828800802518,0.19124759637145985
-0.9558585711166362,0.20797087808414752
-0.9461342621530204,0.2246941597968352
-0.9364101007801124,0.2414175153048768
-0.9266859394072046,0.2581407970175645
-0.9169616304435888,0.27486407873025215
-0.9072374690706808,0.2915873604429398
-0.8975131601070651,0.3083106421556275
-0.8877889987341572,0.3250339976636691
-0.8780646897705414,0.34175735317171063
-0.8683405283976334,0.3584805610890444
-0.8586162194340178,0.375203916597086
-0.8488920580611098,0.3919271245144198
-0.8391678966882018,0.40865048002246135
-0.8294435877245862,0.42537368793979513
-0.8197194263516782,0.44209704344783674
-0.8099951173880624,0.4588203989558783
-0.8002709560151545,0.47554360687321207
-0.7905466470515388,0.49226696238125367
-0.7808224856786308,0.5089903178892953
-0.771098176715015,0.525713525806629
-0.7613740153421071,0.5424368813146706
-0.7516497063784914,0.5591602368227122
-0.7419255450055834,0.5758834447400459
-0.7322012360419677,0.5926068002480875
-0.7224770746690597,0.6093300081654213
-0.7127529132961518,0.6260533636734629
-0.7030286043325361,0.6427767191815045
-0.6933044429596281,0.6594999270988382
-0.6835801339960124,0.6762232826068798
-0.6738559726231044,0.6929464905242136
-0.6641316636594887,0.7096698460322551
-0.6544075022865807,0.7263932015402967
-0.644683193322965,0.7431164094576306
-0.6349590319500571,0.7598397649656721
-0.6252347229864413,0.7765631204737137
-0.61538304324201,0.7932097288137088
-0.6044238428263844,0.8091450975329035
-0.5922538082441173,0.8241755876226886
-0.5789519005238721,0.8382150061097191
-0.5646046078204089,0.851183801602501
-0.5493072737309546,0.8630177721431489
-0.5331533231735349,0.8736521254109468
-0.5162411991502405,0.8830352046581712
-0.4986730344308562,0.8911218471282407
-0.4805490431059659,0.8978729412835932
-0.46197194830818566,0.9032535081264844
-0.44304565389579376,0.9072338819246503
-0.42387539204343866,0.9097928096161702
-0.4045681660142621,0.910920845395746
-0.385223451945309,0.9109785533624887
-0.3658784426949403,0.9109785533624887
-0.34653343344457166,0.9109785533624887
-0.32718842419420296,0.9109785533624887
-0.30784341494383427,0.9109785533624887
-0.2884984056934656,0.9109785533624887
-0.26915339644309694,0.9109785533624887
-0.24980838719272824,0.9109785533624887
-0.23046337794235955,0.9109785533624887
-0.21111829489663697,0.9109785533624887
-0.1917732856462683,0.9109785533624887
-0.1724282763958996,0.9109785533624887
-0.15308326714553094,0.9109785533624887
-0.13373825789516225,0.9109785533624887
-0.11439324864479358,0.9109787009531964
-0.0950482393944249,0.9109787009531964
-0.07570323014405622,0.9109787009531964
-0.05635822089368754,0.9109787009531964
-0.03701321164331886,0.9109787009531964
-0.01766820239295018,0.9109787009531964
0.0016768068574185013,0.9109787009531964
0.02102181610778718,0.9109787009531964
0.04036682535815586,0.9109787009531964
0.05971183460852454,0.9109787009531964
0.07905684385889322,0.9109787009531964
0.0984018531092619,0.9109787009531964
0.11774686235963058,0.9109787009531964
0.13709187160999928,0.9109787009531964
0.15643688086036794,0.9109787009531964
0.17578189011073664,0.9109787009531964
0.1951268993611053,0.9109787009531964
0.214471908611474,0.9109787009531964
0.23381691786184267,0.9109787009531964
0.25316192711221136,0.9109787009531964
0.27250693636258005,0.9109787009531964
0.2918519456129487,0.9109787009531964
0.3111969548633174,0.9109787009531964
0.3305419641136861,0.9109787009531964
0.3498869733640548,0.9109787009531964
0.36923109707017676,0.9108863091701251
0.38853227188033423,0.9096531888066086
0.40768803294564976,0.9069868150798237
0.4265921887518744,0.9029009139255939
0.4451390643522363,0.8974182143129177
0.4632253462512884,0.890567201248397
0.4807482744187376,0.8823821157762369
0.49760663852672254,0.8729028073875389
0.5137007041544597,0.8621772430623319
0.528931105857935,0.8502578175018782
0.5432027952213371,0.8372053380777842
0.5564232328708868,0.823089320013415
0.5685057092657623,0.8079884291560181
0.5793711895819464,0.7919884157068148
0.5891822818817378,0.7753187832164058
0.5989063694592919,0.7585954277083642
0.6086304570368459,0.7418720722003227
0.6183545446144,0.7251487166922811
0.628078632191954,0.7084252135935317
0.6378026828718312,0.6917018580854901
0.6475267704493852,0.6749785025774486
0.6572508580269393,0.658255147069407
0.6669749456044933,0.6415317915613654
0.6766990331820474,0.624808288462616
0.6864230838619245,0.6080849329545746
0.6961471714394786,0.591361577446533
0.7058712590170326,0.5746382219384913
0.7155953465945867,0.5579148664304499
0.7253194341721407,0.5411913633317005
0.7350435217496949,0.5244680078236589
0.7447675908784104,0.5077446523156173
0.7544916784559645,0.4910212968075757
0.7642157660335186,0.4742979412995342
0.7739398536110726,0.4575744382007848
0.7836639227397882,0.44085108269274326
0.7933880103173423,0.42412772718470165
0.8031120978948963,0.4074043716766601
0.8128361670236119,0.39068101616861856
0.822560254601166,0.3739575130698692
0.8322843237298816,0.3572341575618276
0.8420084113074356,0.34051080205378603
0.8517324988849897,0.3237874465457445
0.8614565680137053,0.307064017242349
0.8711806555912593,0.29034066173430745
0.8809047431688134,0.27361723243091196
0.8906288215219482,0.2568938769228704
0.900352899875083,0.24017052141482884
0.9100769874526371,0.22344709211143338
0.9198010658057719,0.2067237366033918
0.9295251441589067,0.19000030729999634
0.9392492317364608,0.17327695179195476
0.9489733147018052,0.1565535224885593
0.9586973930549401,0.13983016698051773
0.959524043997016,0.12767865503207734
0.9402659656735307,0.1258469067577981
0.9210078873500455,0.12401515848351889
0.9017498090265603,0.12218341020923967
0.8824917307030751,0.12035166193496045
0.8632336523795898,0.11851991366068124
0.8439755740561046,0.11668809159104813
0.8247174957326193,0.11485634331676892
0.8054594174091341,0.1130245950424897
0.786201191494941,0.11119284676821048
0.7669431131714558,0.10936109849393126
0.7476850348479707,0.10752935021965204
0.7284269565244854,0.10569760194537282
0.7091688782010002,0.10386577987573971
0.6899107998775149,0.1020340316014605
0.6706527215540297,0.10020228332718129
0.6513946432305444,0.09837053505290207
0.6321365649070593,0.09653878677862285
0.612878486583574,0.09470703850434363
0.5936204082600888,0.09287529023006441
0.5743621823458958,0.09104354195578519
0.5551041040224105,0.08921179368150597
0.5358460256989253,0.08738004540722676
0.51658794737544,0.08554822333759364
0.4973298690519548,0.08371647506331442
0.47807179072846956,0.0818847267890352
0.45881371240498436,0.08005297851475598
0.4395556340814991,0.07822123024047677
0.42029755575801386,0.07638948196619755
0.4010394774345286,0.07455773369191833
0.3817813991110434,0.07272598541763911
0.36252332078755817,0.07089416334800601
0.34326509487336515,0.06906241507372679
0.3240070165498799,0.06723066679944757
0.3047489382263947,0.06539891852516835
0.28549085990290946,0.06356717025088914
0.2662327815794242,0.06173542197660992
0.24697470325593898,0.0599036737023307
0.22771662493245376,0.05807192542805148
0.2084585466089685,0.05624017715377226
0.1892004682854833,0.05440842887949304
0.16994231616664415,0.052576606809859934
0.15068423784315893,0.050744858535580716
0.1314261595196737,0.0489131102613015
0.11216808119618846,0.04708136198702228
0.09291000287270323,0.04524961371274306
0.0736518507538641,0.04341786543846384
0.05439377243037887,0.04158611716418462
0.035135694106893635,0.039754295094551514
0.015877615783408405,0.037922546820272296
-0.00338046254007683,0.03609079854599308
-0.022638540863562064,0.03425905027171386
-0.04189669298240119,0.03242730199743464
-0.061154771305886424,0.030595553723155422
-0.08041284962937166,0.028763805448876203
-0.09967092795285688,0.026932057174596985
-0.11892900627634212,0.025100308900317767
-0.13818708459982734,0.023268560626038548
-0.15744523671866648,0.02143673855640544
-0.17670331504215173,0.01960499028212622
-0.19596139336563695,0.017773242007847002
-0.21521947168912217,0.015941493733567784
-0.23447755001260742,0.014109745459288567
-0.25373562833609264,0.012277997185009349
-0.2729937066595779,0.01044624891073013
-0.2922519325737709,0.008614500636450912
-0.31150986330654834,0.006782678566817803
-0.33076808922074136,0.004950930292538585
-0.35002601995351884,0.0031191820182593665
-0.36928424586771186,0.0012874337439801483
-0.38854232419119705,-0.0005443145302990699
-0.4078004025146823,-0.002376062804578288
-0.42705848083816755,-0.004207811078857506
-0.44631655916165275,-0.006039559353136725
-0.465574637485138,-0.007871307627415943
-0.48483271580862325,-0.009703055901695162
-0.5040907941321084,-0.01153487797132827
-0.5233488724555937,-0.013366626245607489
-0.5426070983697867,-0.015198374519886707
-0.5618650291025642,-0.017030122794165926
-0.5811232550167572,-0.018861871068445144
-0.6003813333402425,-0.020693619342724363
-0.6196394116637276,-0.02252536761700358
-0.6388974899872129,-0.024357115891282796
-0.6581555683106981,-0.02618893796091591
-0.6774136466341834,-0.028020686235195127
-0.6966717249576686,-0.029852434509474342
-0.7159298032811539,-0.03168418278375356
-0.7351878816046391,-0.03351593105803278
-0.7544461075188321,-0.035347679332312
-0.7737040382516095,-0.037179427606591216
-0.7929622641658025,-0.039011175880870434
-0.8122203424892878,-0.04084292415514965
-0.831478420812773,-0.04267474622478276
-0.8507364991362583,-0.04450649449906198
-0.8699945774597435,-0.0463382427733412
-0.8892526557832287,-0.04816999104762042
-0.9085107341067139,-0.050001739321899635
-0.9277688124301992,-0.051833487596178854
-0.9470268907536844,-0.05366523587045807
-0.9662849690771697,-0.05549698414473729
-0.08937898512711256,0.1914185064110711
-0.10792848046253765,0.18592820587694414
-0.12653893076027659,0.18064888625959116
-0.14519402724711952,0.17552756249491858
-0.16388092953148942,0.17052423750111748
-0.18259247946405885,0.16561448501604997
-0.20132137130479263,0.1607726242565621
-0.22006472703488902,0.15598448651470678
-0.23881834031917626,0.15123870730598482
-0.2575806614552226,0.146526652573991
-0.26727294323524975,0.15676391304250217
-0.271426145752228,0.1756581064759515
-0.27520933836479744,0.1946288256913857
-0.2786315241061327,0.21366928151624676
-0.28168266680810466,0.23277098748483724
-0.28433988991100717,0.25193276287149485
-0.2865745608175306,0.27114730193618447
-0.2883465348551582,0.29041084111585763
-0.2896037125040431,0.30971363942380076
-0.2902802683085146,0.329046103464008
-0.29029369906292274,0.3483894892165911
-0.28953832982049577,0.3677184110798115
-0.28787321145530215,0.3869902153391205
-0.2851213827087115,0.4061350915897371
-0.28104035204783856,0.42503983775879284
-0.27531501331156916,0.4435091913398925
-0.2675321125181145,0.46120487443080016
-0.257225410621592,0.47754862663842707
-0.24403109652731966,0.4916472289992781
-0.2282697372525995,0.5028216166668494
-0.2108546978925388,0.5111928140215222
-0.19232239687457028,0.5166753660434906
-0.17318364563832658,0.5193840983034089
-0.15385191955165825,0.5195600264270848
-0.13462911540733286,0.5174875577084136
-0.11572031049381312,0.5134367831426359
-0.09727073406755629,0.5076408960480467
-0.07937956708419167,0.5002988486987361
-0.062121859418626295,0.4915691535148616
-0.04556432207077751,0.4815728348768041
-0.029779274487458377,0.4703987423906483
-0.014836158096680195,0.4581186051403761
-0.0008162215830768186,0.4447958871303337
0.012186888749264236,0.430479293294089
0.02407074494914244,0.41522151351432013
0.034713732273345635,0.3990731714037962
0.04397800100080567,0.3820984689204024
0.051719281214665895,0.36437710504634063
0.05778068399255432,0.3460129836398894
0.060655898570850464,0.3272648312117901
0.05416094808885317,0.3090436514058255
0.04773839084902282,0.2907964218399375
0.040654258261560806,0.27279957990980114
0.03159196741770009,0.2557335925736442
0.019239141743845393,0.24090301409754963
0.003966824279360033,0.22907553754804405
-0.012903900550401609,0.21963209370133696
-0.030556044382513692,0.21172684021113122
-0.04861531718204171,0.20479553780157722
-0.06690800468592656,0.19850492665450373
-0.0853454786741453,0.1926504460489253
-0.9513498225846116,-0.1786891030463113
-0.9324800554133001,-0.17442823310800626
-0.9136099930605732,-0.1701673631697012
-0.894740078298554,-0.16590641943604229
-0.8758701635365347,-0.16164554949773724
-0.8570002487745154,-0.15738460576407828
-0.8381303340124961,-0.15312373582577327
-0.8192604192504769,-0.1488627920921143
-0.8003905044884577,-0.14460192215380926
-0.7815205897264385,-0.14034097842015034
-0.7626506749644192,-0.1360801084818453
-0.7437807602023999,-0.13181916474818636
-0.7249108454403806,-0.12755829480988132
-0.7060407830876536,-0.12329742487157627
-0.6871710159163422,-0.11903648113791734
-0.6683009535636152,-0.1147756111996123
-0.6494310388015959,-0.11051466746595337
-0.6305611240395766,-0.10625379752764832
-0.6116912092775574,-0.1019928537939894
-0.5928212945155382,-0.09773198385568435
-0.573951379753519,-0.0934711139173793
-0.5550814649914997,-0.08921017018372036
-0.5362115502294804,-0.08494930024541533
-0.5173416354674611,-0.08068835651175639
-0.49847172070544193,-0.07642748657345134
-0.47960180594342267,-0.07216654283979242
-0.46073189118140345,-0.06790567290148737
-0.4418618288286764,-0.06364480296318233
-0.42299191406665715,-0.0593838592295234
-0.4041219993046379,-0.05512298929121835
-0.38793764506141526,-0.055620443771796715
-0.3826679188400681,-0.07423045129741232
-0.37833686952021284,-0.09308235999308219
-0.3744344236157558,-0.11202975987668685
-0.37060931524217633,-0.1309925829892547
-0.3666587547669824,-0.14993038947685355
-0.3624606846748385,-0.16881373499328095
-0.3579380626162825,-0.18762335895117135
-0.3530578282727714,-0.20634184564700653
-0.3478049273921114,-0.22495923270801121
-0.34218290215128916,-0.24346961650587415
-0.33620149353701845,-0.26186642925409903
-0.32987664134573963,-0.28014767847813077
-0.3232229570575231,-0.2983121834523072
-0.316261250962166,-0.3163608297208749
-0.3090089387631867,-0.33429413385131124
-0.3021527600238936,-0.35237085925203443
-0.2957856968901892,-0.3706387884146889
-0.28915031384973755,-0.38880901252879185
-0.28222565302203373,-0.40687193819833745
-0.27498381976330694,-0.4248105555942539
-0.2674007567881887,-0.4426070062408996
-0.2594475363179539,-0.4602402584624156
-0.25108563717787147,-0.4776843362942324
-0.24227771891887256,-0.4949077660179155
-0.23298083264499275,-0.5118709933237793
-0.22314524028770957,-0.528528006808673
-0.21271589051302048,-0.5448192905196835
-0.2016313855864882,-0.5606720084425205
-0.18982597384779598,-0.5759947650313904
-0.17723021386893253,-0.5906738416459469
-0.16377636151502603,-0.6045685843416745
-0.1494029452562854,-0.6175094482930086
-0.1340676803549311,-0.6292935331744264
-0.1177617851638502,-0.6396892876142566
-0.10052673267192933,-0.648455271663407
-0.08246886198412523,-0.6553674426274648
-0.06376159218208147,-0.6602549642621727
-0.04462712107636344,-0.6630305551127161
-0.02530299591114588,-0.6637025725029234
-0.0060115620877019705,-0.662373370588641
0.013067045935120663,-0.6592172170980823
0.03180811400924645,-0.6544439306711975
0.05013644466906059,-0.6482680528505859
0.06801624716792601,-0.6408889048871066
0.08543704256559022,-0.6324845918673754
0.10240953118836736,-0.6232065049598993
0.11895312121433077,-0.61318170131524
0.1350915747474333,-0.6025157082894612
0.15085042498012116,-0.5912977075677404
0.16625668101191846,-0.5796008118969447
0.18133720435164144,-0.5674842789462486
0.19611420740081129,-0.5550002451331759
0.21061174744479638,-0.5421926555909687
0.22485078236410175,-0.5290982604058647
0.23886725049607224,-0.515764952762539
0.25283036458717967,-0.5023767782735953
0.2667734801373826,-0.4889663913831305
0.28069748269092787,-0.47553751875651606
0.294601265317507,-0.4620872454772733
0.3084846804264123,-0.44861535015934045
0.32234625211056583,-0.4351214269282712
0.3361861279606755,-0.421605844760835
0.3500023155021862,-0.40806447111721394
0.36379437196297454,-0.3945006267883331
0.37756274011516394,-0.38091088029023656
0.3913039515771215,-0.36729512092989347
0.4050180801442011,-0.35365095035830246
0.4187039081930636,-0.33997807339404784
0.43235841011419934,-0.32627523551611354
0.4459801837958845,-0.3125396325010517
0.45956849128458016,-0.29876993603249224
0.4731186096776373,-0.28496363706840294
0.48662854650050086,-0.27111697204573537
0.5000918446597054,-0.2572262511967949
0.5135040395363405,-0.243286456437517
0.5268546890878306,-0.22928555912521748
0.5401302149690599,-0.21521485140813718
0.5452099919494918,-0.2317357124651022
0.5487365981165827,-0.2507547676373349
0.551452783707244,-0.2699062854698017
0.5534987967915455,-0.28914244657318133
0.5549866218190163,-0.3084297109591304
0.556005182191095,-0.3277473790308825
0.5566246941870089,-0.3470819831363526
0.5569055224062406,-0.3664239298795348
0.556891685777386,-0.38576882843687266
0.5566216685774993,-0.40511214039410187
0.5561273135017843,-0.42445058185797424
0.5554354820590575,-0.44378278761444284
0.5545676117996239,-0.4631093111286619
0.5535406387572015,-0.4824266840189984
0.5523732700540018,-0.5017362346018225
0.5510786412630173,-0.521037446309657
0.549666308882577,-0.540331499868164
0.548148818122842,-0.5596163659051117
0.5465349506309255,-0.5788944796671782
0.5448321228398937,-0.5981642545542551
0.5430470132292735,-0.6174260779919504
0.5411871489251618,-0.63668120450128
0.5392583597605162,-0.6559303166892675
0.53726289649363,-0.675171661916258
0.5352090979994931,-0.6944075093893836
0.5330970380734594,-0.7136367521783359
0.5309335427857639,-0.7328605525599389
0.5287211580761155,-0.7520792241644464
0.5264613598515923,-0.7712909405568497
0.5241584651403968,-0.7904993177094893
0.5218150567799152,-0.8097012931151791
0.5194330165516717,-0.8288996248752705
0.5170145583162832,-0.8480924173716103
0.5051574898298673,-0.8631306098514576
0.4906056733030955,-0.8758451342279893
0.4742166845435335,-0.8860867186430175
0.4565510361616594,-0.8939376172428729
0.43811810058770495,-0.899784480784267
0.41925895994735374,-0.9040738495658027
0.40016861846326246,-0.9071867682034006
0.3809535628310956,-0.9094115920423892
0.3616715010175958,-0.9109608009676683
0.34232759869753554,-0.9109787009531964
0.32298258944716685,-0.9109787009531964
0.30363758019679815,-0.9109787009531964
0.28429257094642946,-0.9109787009531964
0.2649475616960608,-0.9109787009531964
0.24560255244569212,-0.9109787009531964
0.22625754319532343,-0.9109787009531964
0.20691253394495476,-0.9109787009531964
0.18756752469458607,-0.9109787009531964
0.1682225154442174,-0.9109787009531964
0.1488775061938487,-0.9109787009531964
0.12953249694348004,-0.9109787009531964
0.11018748769311136,-0.9109787009531964
0.09084247844274268,-0.9109787009531964
0.071497469192374,-0.9109787009531964
0.05215245994200531,-0.9109787009531964
0.03280745069163663,-0.9109787009531964
0.013462441441267953,-0.9109787009531964
-0.0058825678091007265,-0.9109787009531964
-0.025227577059469406,-0.9109787009531964
-0.04457258630983809,-0.9109787009531964
-0.06391759556020676,-0.9109787009531964
-0.08326230962915988,-0.9109787009531964
-0.10260731887952856,-0.9109787009531964
-0.12195232812989724,-0.9109787009531964
-0.14129733738026592,-0.9109787009531964
-0.16064234663063462,-0.9109787009531964
-0.17998735588100329,-0.9109787009531964
-0.19933236513137198,-0.9109787009531964
-0.21867737438174065,-0.9109787009531964
-0.23802238363210934,-0.9109787009531964
-0.257367392882478,-0.9109787009531964
-0.2767124021328467,-0.9109787009531964
-0.2960574113832154,-0.9109787009531964
-0.31540242063358404,-0.9109787009531964
-0.33474742988395273,-0.9109787009531964
-0.3540924391343214,-0.9109787009531964
-0.3734374483846901,-0.9109787009531964
-0.39278245763505876,-0.9109787009531964
-0.41201337926831216,-0.909441074439321
-0.43108992102122584,-0.9062362851983385
-0.4500634444601079,-0.9024647176601117
-0.46887520848326114,-0.8979622797838973
-0.4874338544425687,-0.892512038596409
-0.5055914964488333,-0.8858530548793412
-0.5231326520686934,-0.8777128761861287
-0.5397876730790321,-0.8678896491628318
-0.5553148059005026,-0.8563660388196008
-0.5696148695774758,-0.8433486629229108
-0.582782174572224,-0.8291822979783494
-0.5950416491234067,-0.8142198748781095
-0.6066416883922207,-0.7987399803075483
-0.6178026453053839,-0.782940837811636
-0.6284541190952845,-0.7668033897402303
-0.6381680967093555,-0.7500740937062005
-0.6478820743234265,-0.7333447976721708
-0.6575959043467897,-0.7166155016381409
-0.6673098819608607,-0.6998861687064343
-0.677023711984224,-0.6831568726724044
-0.686737689598295,-0.6664275766383747
-0.6964515196216582,-0.6496982806043449
-0.7061654972357292,-0.6329689845703151
-0.7158793272590924,-0.6162396885362853
-0.7255933048731634,-0.5995103925022555
-0.7353071348965267,-0.5827810964682257
-0.7450211125105977,-0.5660518004341959
-0.7547349425339609,-0.5493225044001662
-0.7644489201480319,-0.5325932083661363
-0.7741627501713951,-0.5158639123321066
-0.7838767277854661,-0.4991346162980768
-0.7935905578088294,-0.48240532026404703
-0.8033045354229005,-0.46567602423001725
-0.8130183654462636,-0.44894672819598747
-0.8227323430603347,-0.4322174321619576
-0.8324463206744057,-0.41548813612792784
-0.842160150697769,-0.39875884009389806
-0.85187412831184,-0.3820295440598683
-0.8615879583352032,-0.3653002480258385
-0.8713019359492742,-0.3485709519918087
-0.8810157659726374,-0.3318416559577789
-0.8907297435867084,-0.31511235992374914
-0.9004435736100717,-0.2983830269920424
-0.9101575512241427,-0.2816537678556896
-0.9198713812475059,-0.2649244349239828
-0.9295853588615769,-0.24819517578763
-0.9392991888849401,-0.23146584285592328
-0.9490131664990111,-0.21473658371957044
-0.9587269965223744,-0.1980072507878637
