-0.01549053356282272,-1
-0.008814523828082852,-0.9965576592082617
-0.0020162769544384137,-0.9934104249750925
0.004537495641396788,-0.9896729776247849
0.011213505376136657,-0.9862306368330465
0.018195107958138047,-0.9835260624377313
0.024565524845616298,-0.9793459552495697
0.031669364566522355,-0.9769364874128237
0.03739825459596932,-0.9712075973833766
0.04302925989672978,-0.9674546387212487
0.04782722299283719,-0.9621342512908778
0.051733196199814105,-0.9568726557795318
0.057462086229261175,-0.9511437657500847
0.06319097625870825,-0.9454148757206378
0.06648576377116201,-0.9386777474164457
0.06978055128361578,-0.9319406191122535
0.07307533879606956,-0.9252034908080614
0.07637012630852333,-0.9184663625038691
0.0774526678141136,-0.9108128919003284
0.07809149629944427,-0.9029756293459946
0.08089500860585198,-0.8960350081886007
0.08089500860585198,-0.8879331342116126
0.08089500860585198,-0.8798312602346245
0.08089500860585198,-0.8717293862576365
0.08089500860585198,-0.8636275122806485
0.08089500860585198,-0.8555256383036606
0.07767372594403629,-0.848758063293434
0.0774526678141136,-0.8407477545919327
0.07595235595311535,-0.8332673301355594
0.07265756844066157,-0.8265302018313673
0.0693627809282077,-0.819793073527175
0.06606799341575394,-0.8130559452229829
0.060339103386306964,-0.8073270551935359
0.05704431587385319,-0.8005899268893437
0.05335628227194492,-0.7940156864487538
0.047236406490261756,-0.7900172117039587
0.04302925989672978,-0.7841060077710125
0.036980484240561246,-0.7805260952560518
0.03125159421111427,-0.7747972052266048
0.02451446590692212,-0.7715024177141511
0.01872456285054911,-0.76592082616179
0.011040209298537813,-0.7649128426892435
0.005311319269090744,-0.7591839526597964
-0.0014258090351014093,-0.7558891651473427
-0.0047205965475551805,-0.7491520368431506
-0.01044948657700225,-0.7434231468137035
-0.01617837660644932,-0.7376942567842564
-0.01947316411890309,-0.7309571284800642
-0.02520205414835016,-0.7252282384506171
-0.028496841660803834,-0.718491110146425
-0.0317916291732577,-0.7117539818422328
-0.03270223752151463,-0.704029294193103
-0.03614457831325301,-0.6973532844583632
-0.03548136994987351,-0.6895261203801663
-0.032186582437419835,-0.6827889920759741
-0.028891794924966165,-0.676051863771782
-0.025597007412512297,-0.6693147354675899
-0.019868117383065324,-0.6635858454381428
-0.014139227353618352,-0.6578569554086958
-0.007402099049426199,-0.6545621678962421
-0.0016533427676155622,-0.648881239242685
0.005063919284212926,-0.6455384903543413
0.011801047588404981,-0.6422437028418876
0.018374686436603848,-0.6385542168674699
0.025275304196789288,-0.63565412781698
0.03201243250098134,-0.6323593403045265
0.03982857988307147,-0.6316695352839932
0.04750316565885582,-0.6306379703136055
0.05460646359479933,-0.6282271944922547
0.06270833757178731,-0.6282271944922547
0.07073926539566762,-0.6280559153272239
0.07748622128351507,-0.6247848537005164
0.08558809526050305,-0.6247848537005164
0.09296712685773426,-0.6230397578238492
0.10036597897223092,-0.621342512908778
0.108467852949219,-0.621342512908778
0.11656972692620698,-0.621342512908778
0.12467160090319497,-0.621342512908778
0.13277347488018304,-0.621342512908778
0.14087534885717093,-0.621342512908778
0.14897722283415893,-0.621342512908778
0.157079096811147,-0.621342512908778
0.16518097078813498,-0.621342512908778
0.17185698052287476,-0.6179001721170396
0.17995885449986285,-0.6179001721170396
0.18691976407972627,-0.6151456403953168
0.1947367382115907,-0.6144578313253012
0.20283861218857868,-0.6144578313253012
0.20951462192331846,-0.6110154905335629
0.21761649590030643,-0.6110154905335629
0.22463835869966736,-0.6084081129010211
0.23137548700385951,-0.6051133253885673
0.23907038934677408,-0.6041308089500861
0.24585798188698893,-0.6009578528806531
0.25360334846592614,-0.6000971678851926
0.26034047677011823,-0.5968023803727389
0.26720029252798144,-0.593803786574871
0.27387630226272125,-0.5903614457831325
0.2805523119974611,-0.5869191049913942
0.28728898998688673,-0.583623230322924
0.29390433146694067,-0.5800344234079174
0.3005803412016804,-0.576592082616179
0.3064921366247179,-0.5713047652685695
0.3132292649289102,-0.5680099777561157
0.3189581549583571,-0.5622810877266687
0.3246870449878041,-0.5565521976972218
0.3304159350172511,-0.5508233076677748
0.3361448250466981,-0.5450944176383277
0.3428819533508902,-0.5425377192717163
0.34861084338033715,-0.5482666093011633
0.3493975903614458,-0.55604260200842
0.3493975903614458,-0.5641444759854081
0.35193653929113966,-0.5697074010327022
0.3586125490258796,-0.5662650602409639
0.3646671549751029,-0.561322518002522
0.37039604500455,-0.5555936279730749
0.37612493503399685,-0.549864737943628
0.3794197225464506,-0.5431276096394358
0.38514861257589766,-0.5373987196099888
0.3884434000883514,-0.5306615913057967
0.3941722901177983,-0.5249327012763497
0.3999011801472454,-0.5192038112469026
0.4044750430292599,-0.523148085005173
0.4044750430292599,-0.5312499589821611
0.4044750430292599,-0.539351832959149
0.4044750430292599,-0.547453706936137
0.4044750430292599,-0.5555555809131251
0.4044750430292599,-0.5636574548901131
0.40996931165539713,-0.5662650602409639
0.4161054442113992,-0.5615193406423014
0.41940023172385293,-0.5547822123381092
0.42168674698795183,-0.547627443994084
0.42355570423176714,-0.5402997174549798
0.4251290877796902,-0.5328495602823563
0.4277111767396815,-0.5258172225718504
0.4285714285714286,-0.5180716765706285
0.43186664924759566,-0.5113347276887211
0.4351614367600494,-0.504597599384529
0.4384562242725032,-0.49786047108033676
0.44175101178495685,-0.4911233427761447
0.4426116967804174,-0.4833779761972075
0.4457831325301205,-0.4765897539199414
0.4467671692883315,-0.4688954813140781
0.4500619568007853,-0.46215835300988595
0.45266781411359724,-0.45513586047347376
0.45421742930869946,-0.44767585812675664
0.45611015490533563,-0.440357976761746
0.459552495697074,-0.4336819670270061
0.4629948364888124,-0.4270059572922665
0.46496247684152114,-0.41971910663524303
0.46987951807228917,-0.4136539378227869
0.47332185886402756,-0.40697792808804706
0.47676419965576594,-0.4003019183533072
0.4802065404475043,-0.3936259086185675
0.48387051692078314,-0.3870417033890275
0.4871653044332369,-0.3803045750848354
0.4905335628227195,-0.3735978794143479
0.49375487945814434,-0.3668303184764513
0.49741824440619625,-0.3602458599448686
0.5008605851979346,-0.3535698502101287
0.504302925989673,-0.34689384047538885
0.5077452667814114,-0.34021783074064893
0.510228817020413,-0.33314467695549066
0.5146299483648882,-0.3268658112711696
0.5168183920453205,-0.31967042034710635
0.5201131795577744,-0.3129332920429141
0.523407967070228,-0.30619616373872205
0.5267027545826818,-0.29945903543452995
0.5299975420951355,-0.29272190713033774
0.53184165232358,-0.2853838886204826
0.5352839931153184,-0.2787078788857427
0.5387263339070568,-0.27203186915100286
0.5407425896279572,-0.26476515563882425
0.5421686746987951,-0.2572539854392751
0.5456110154905336,-0.2505779757045354
0.5490533562822719,-0.24390196596979555
0.5490535346437856,-0.23580016587256544
0.5524956970740104,-0.22912408225806777
0.5556431096686931,-0.22232590926418114
0.5593803786574871,-0.21577206278858804
0.5622326846936005,-0.20885165265579703
0.5662650602409639,-0.2024200433191085
0.5688222597185081,-0.19537739604741272
0.5697074010327022,-0.18764215960738054
0.5731497418244407,-0.18096614987264087
0.5700269639100052,-0.17415777286009126
0.5667321763975515,-0.16742064455589903
0.5610032863681044,-0.16169175452645204
0.5542661580639123,-0.15839696701399839
0.5483234972828425,-0.153184165232358
0.5407919014555281,-0.15180739198909082
0.534054773151336,-0.14851260447663717
0.5273176448471438,-0.1452178169641833
0.5201935941016351,-0.14285714285714285
0.5135175843668953,-0.1394148020654045
0.5068415746321554,-0.1359724612736661
0.49936089335563033,-0.1344727694313619
0.4926237650514382,-0.13117798191890803
0.4853876811856878,-0.12908777969018934
0.47871167145094795,-0.12564543889845095
0.47060979747396003,-0.12564543889845095
0.46393378773922017,-0.12220309810671257
0.45591340870624225,-0.12200635190761917
0.4491559040274925,-0.11876075731497418
0.4414309138231128,-0.11785087939970473
0.43570202379366574,-0.11212198937025776
0.43607088151160533,-0.10437662279132062
0.43889845094664376,-0.0974459664228772
0.4354561101549054,-0.09076995668813734
0.4317703669189741,-0.08433734939759037
0.42509435718423444,-0.08089500860585198
0.4169924832072463,-0.08089500860585198
0.40889060923025844,-0.08089500860585198
0.40078873525327025,-0.08089500860585198
0.39268686127628233,-0.08089500860585198
0.38601085154154247,-0.0774526678141136
0.3779089775645546,-0.0774526678141136
0.3698071035875665,-0.0774526678141136
0.3617052296105783,-0.0774526678141136
0.35360335563359024,-0.0774526678141136
0.3455014816566024,-0.0774526678141136
0.3373996076796142,-0.0774526678141136
0.32929773370262627,-0.0774526678141136
0.321390049189709,-0.07698385297628385
0.3145198499908983,-0.07401032702237521
0.30641797601391046,-0.07401032702237521
0.2983161020369225,-0.07401032702237521
0.29021422805993435,-0.07401032702237521
0.2835382183251945,-0.07056798623063684
0.27543634434820663,-0.07056798623063684
0.26733447037121855,-0.07056798623063684
0.26043535483295627,-0.0734717019656669
0.25268998825401895,-0.07368826708362317
0.24696109822457196,-0.067959377054176
0.2412322081951249,-0.062230487024729025
0.2358003442340792,-0.056378564769371926
0.23220853065322417,-0.04976446869109
0.22647964062377718,-0.04403557866164283
0.22318485311132352,-0.03729845035745097
0.21858864027538727,-0.03110039007266106
0.21514629948364888,-0.02442438033792119
0.2117039586919105,-0.017748370603181324
0.2082616179001721,-0.01107236086844165
0.20671091554905485,-0.0036128088364903027
0.20341612803660108,0.0031243194677019483
0.20137693631669537,0.010381532578026171
0.19793459552495699,0.017057542312765843
0.19596586801623306,0.024343942655023394
0.1926710805037793,0.03108107095921545
0.19104991394148021,0.03851143575923347
0.18851560799586514,0.04556356584234484
0.18760757314974183,0.05328931947096123
0.18416523235800344,0.0599653292057009
0.18349945049249045,0.06779142730441157
0.18072289156626506,0.07474321291742886
0.1793439779845763,0.08227392218754076
0.17728055077452667,0.08952109662915661
0.1738382099827883,0.09619710636389647
0.1738382099827883,0.10429898034088456
0.1710330329687479,0.11123891195379954
0.16773824545629412,0.11797604025799159
0.16695352839931155,0.125752873787352
0.16358277294837978,0.132458535141121
0.16272208795291923,0.1402039017200583
0.15942730044046544,0.14694103002425057
0.15613251292801167,0.15367815832844262
0.1504036228985647,0.1594070483578896
0.14400173906066369,0.1566265060240964
0.1394148020654045,0.15109509249287745
0.1346428170524721,0.14496983942768726
0.12891392702302512,0.13924094939824028
0.12217679871883289,0.1359461618857864
0.11548989542095123,0.13253012048192772
0.10870254211044858,0.12935658686087886
0.10071201170922328,0.12908777969018934
0.09261013773223539,0.12908777969018934
0.0845082637552474,0.12908777969018934
0.07640638977825932,0.12908777969018934
0.06830451580127114,0.12908777969018934
0.06122210436207987,0.13154897997526954
0.053526632089543676,0.13253012048192772
0.045424758112555495,0.13253012048192772
0.03732288413556741,0.13253012048192772
0.03024063804633093,0.13006852100674401
0.02254500042383985,0.12908777969018934
0.014443126446851768,0.12908777969018934
0.006341252469863586,0.12908777969018934
-0.0003347572648761847,0.12564543889845095
-0.008436631241864367,0.12564543889845095
-0.015223323152547116,0.12247030851698808
-0.021960451456739367,0.11917552100453441
-0.029705818035676602,0.11831483600907383
-0.03644294633986885,0.11502004849661997
-0.04318007464406091,0.11172526098416628
-0.0499185538925513,0.10843373493975904
-0.05665433125244522,0.10513568595925875
-0.06327057336203065,0.10154905335628228
-0.07012858786082933,0.09854611093435141
-0.0766225928315102,0.09466437177280551
-0.08329860256625006,0.09122203098106713
-0.08933173449866061,0.08622764587999689
-0.09466437177280551,0.08033462258517611
-0.09835541204056145,0.07376162754635766
-0.10165019955301512,0.06702449924216561
-0.10499139414802065,0.0603065933809565
-0.10499139414802065,0.05220471940396861
-0.10499139414802065,0.04410284542698072
-0.102455746244191,0.037051271201161744
-0.10154905335628228,0.02932496171525277
-0.09830027373627677,0.022568776318032356
-0.09500548622382289,0.015831648013840106
-0.09171069871136941,0.009094519709648245
-0.08841591119891574,0.00235739140545619
-0.08433734939759037,-0.004055086958445985
-0.07939223365701491,-0.010108626928183033
-0.07401032702237521,-0.015981242185677508
-0.06936031784036897,-0.020140542744828956
-0.06363142781092201,-0.02586943277427593
-0.0569339299870394,-0.02925989672977625
-0.051165409477282785,-0.03489311031617677
-0.04442828117309073,-0.03818789782863044
-0.038331765025068014,-0.04302925989672978
-0.031655755290328144,-0.04647160068846816
-0.02522513453525965,-0.05050636288298476
-0.018488006231067496,-0.05380115039543843
-0.012759116201620523,-0.0595300404248856
-0.00602198789742837,-0.06282482793733928
0.0007151404067637835,-0.06611961544979314
0.006444030436210853,-0.07184850547924011
0.012172920465657825,-0.07757739550868709
0.017901810495104798,-0.08330628553813406
0.02119659800755857,-0.09004341384232631
0.025817555938037865,-0.09623122437335418
0.02925989672977625,-0.10290723410809405
0.03351506306191318,-0.10924656048015759
0.039243953091360154,-0.11497545050960456
0.04720376589406876,-0.11531841652323581
0.05530563987105684,-0.11531841652323581
0.06340751384804502,-0.11531841652323581
0.07123365768185427,-0.11465274507201846
0.07797078598604643,-0.11135795755956458
0.0836996760154934,-0.10562906753011762
0.08800270180269207,-0.10132604174291905
0.09473983010688422,-0.09803125423046519
0.1004687201363312,-0.09230236420101821
0.10669724119948513,-0.08777969018932874
0.11293473846997042,-0.08327868665911738
0.11967186677416257,-0.0799838991466637
0.1264089950783547,-0.07668911163420983
0.13314612338254686,-0.07339432412175616
0.14007728987318438,-0.07056798623063684
0.14817916385017196,-0.07056798623063684
0.15628103782716016,-0.07056798623063684
0.16412758969829583,-0.0711843883213594
0.16695352839931155,-0.07811572016195188
0.16562399459241292,-0.08566688320448898
0.16006884681583478,-0.09146773963143143
0.15660031705051247,-0.09813290153812781
0.1499134594877296,-0.10154905335628228
0.14323744975298974,-0.10499139414802065
0.13656144001824988,-0.10843373493975904
0.12864356555899867,-0.10887794907094961
0.12190643725480652,-0.11217273658340347
0.11516930895061436,-0.11546752409585714
0.1084321806464225,-0.11876231160831062
0.1017555271023028,-0.12220309810671257
0.09596616231278338,-0.12778598915021147
0.09748289512104957,-0.13253012048192772
0.10558476909803766,-0.13253012048192772
0.11315634017790126,-0.1312498560355239
0.11989346848209341,-0.1279550685230702
0.1266305967862852,-0.12466028101061673
0.13336772509047734,-0.12136549349816285
0.1401048533946695,-0.11807070598570918
0.14583374342411656,-0.1123418159562622
0.15231683724121617,-0.10843373493975904
0.15899284697595603,-0.10499139414802065
0.16709472095294411,-0.10499139414802065
0.17479873319037514,-0.10403087094043373
0.18187260466467167,-0.10154905335628228
0.18854861439941145,-0.0981067125645439
0.19665048837639962,-0.0981067125645439
0.2037637229566341,-0.09571992592460504
0.21142837208812756,-0.09466437177280551
0.21810438182286704,-0.09122203098106713
0.22203098106712565,-0.09741378226328658
0.21922616926958047,-0.10435386515382737
0.21349727924013348,-0.11008275518327454
0.2102024917276797,-0.1168198834874666
0.20346536342348756,-0.12011467099992046
0.1967282351192954,-0.12340945851237414
0.18955253454342053,-0.12564543889845095
0.18145066056643283,-0.12564543889845095
0.17450037365722887,-0.12842561601574876
0.16776324535303672,-0.13172040352820244
0.16142263136221333,-0.1359724612736661
0.16006884681583478,-0.14272055070427572
0.16459178784821735,-0.14629948364888123
0.17126779758295702,-0.14285714285714285
0.1787577822486136,-0.14137991138305586
0.18549491055280576,-0.13808512387060218
0.19129582678717624,-0.13253012048192772
0.1979718365219161,-0.12908777969018934
0.20469805719063713,-0.12576665881624766
0.21244342376957437,-0.1263849039761148
0.21942572996838383,-0.12908777969018934
0.2261017397031233,-0.13253012048192772
0.23366304695689571,-0.1338351639964827
0.23945375917260303,-0.1394148020654045
0.24612906529053483,-0.14285884153838335
0.2518579553199819,-0.14858773156783034
0.2575868453494289,-0.1543166215972775
0.26331573537887587,-0.16004551162672448
0.2667814113597246,-0.1667118556096542
0.27334765119552185,-0.1700774274433704
0.27907654122496883,-0.17580631747281736
0.2865677677742869,-0.17728055077452667
0.29456727438284314,-0.17703341408531525
0.3002961644122902,-0.17130452405586827
0.30703329271648233,-0.16800973654341442
0.3127621827459293,-0.16228084651396743
0.3184910727753763,-0.15655195648452047
0.32421996280482335,-0.15082306645507348
0.32994885283427033,-0.14509417642562653
0.3366859811384625,-0.14179938891317265
0.3424148711679095,-0.1360704988837257
0.3491519994721016,-0.1327757113712718
0.3558891277762938,-0.12948092385881813
0.36262625608048593,-0.12618613634636427
0.37037162265942297,-0.1253254513509041
0.37718017557614725,-0.12220309810671257
0.38528204955313533,-0.12220309810671257
0.3933839235301235,-0.12220309810671257
0.4014857975071116,-0.12220309810671257
0.4095876714840993,-0.12220309810671257
0.4176895454610874,-0.12220309810671257
0.4257914194380756,-0.12220309810671257
0.432013769363167,-0.1260990987080994
0.432013769363167,-0.1342009726850871
0.43405592528184195,-0.1414569579840795
0.4354561101549054,-0.14897885639681505
0.43821139778975626,-0.1559394528672089
0.43889845094664376,-0.163756740108543
0.43889845094664376,-0.1718586140855307
0.4407934527761376,-0.1791755526040205
0.4423407917383821,-0.18663649779725866
0.43729855567571907,-0.1926498092124048
0.432013769363167,-0.196546176475
0.4367608988672608,-0.20268172502905074
0.4353071129965797,-0.2084106150584979
0.4285693866181063,-0.2117039586919105
0.4204675126411186,-0.2117039586919105
0.4137915029063787,-0.2082616179001721
0.40568962892939064,-0.2082616179001721
0.39758775495240245,-0.2082616179001721
0.3908513900724464,-0.20496498731857368
0.382809871240675,-0.20481927710843373
0.3747079972636868,-0.20481927710843373
0.3666061232866987,-0.20481927710843373
0.35850424930971053,-0.20481927710843373
0.35040237533272295,-0.20481927710843373
0.34230050135573475,-0.20481927710843373
0.33419862737874667,-0.20481927710843373
0.3260967534017585,-0.20481927710843373
0.319420743667019,-0.2082616179001721
0.31238948600832905,-0.21084631433590503
0.3056523577041369,-0.21414110184835888
0.29891522939994475,-0.21743588936081257
0.2921781010957526,-0.22073067687326645
0.2846148307510716,-0.22203098106712565
0.2776956062126231,-0.22488614938118068
0.2698369470393441,-0.22547332185886404
0.2631609373046042,-0.22891566265060243
0.25505906332761613,-0.22891566265060243
0.24695718935062796,-0.22891566265060243
0.2402811796158881,-0.2323580034423408
0.2321793056389005,-0.2323580034423408
0.22407743166191232,-0.2323580034423408
0.21740142192717246,-0.2358003442340792
0.21000378355167815,-0.23750051937431144
0.2026235382154445,-0.23924268502581755
0.19552128866854895,-0.24165599188222567
0.1887841603643569,-0.24495077939467935
0.18259550901122537,-0.2495697074010327
0.1744936350342373,-0.2495697074010327
0.16639176105724912,-0.2495697074010327
0.15828988708026123,-0.2495697074010327
0.15018801310327334,-0.2495697074010327
0.14351200336853348,-0.24612736660929432
0.1354101293915454,-0.24612736660929432
0.1273082554145572,-0.24612736660929432
0.1192063814375696,-0.24612736660929432
0.11110450746058143,-0.24612736660929432
0.10300263348359334,-0.24612736660929432
0.09632662374885348,-0.2495697074010327
0.08910263311291762,-0.2516891052691823
0.08297460427937393,-0.25645438898450945
0.07907071729627199,-0.26172102108582784
0.07334182726682492,-0.26744991111527483
0.06761293723737795,-0.2731788011447218
0.06431814972492418,-0.279915929448914
0.0634574647294636,-0.2876612960278514
0.05772857470001664,-0.29339018605729833
0.054433787187562865,-0.3001273143614906
0.04769665888337071,-0.30342210187394425
0.04196776885392364,-0.30915099190339124
0.03523064054973149,-0.3124457794158451
0.029501750520284517,-0.3181746694452921
0.02276462221609266,-0.32146945695774554
0.016027493911900503,-0.32476424447019925
0.00929036560770835,-0.3280590319826531
0.0015449990287710168,-0.3289197169781137
-0.005192129275420745,-0.33221450449056716
-0.011879993010261556,-0.33562822719449226
-0.018666385883805148,-0.3388040795154747
-0.025232012479742175,-0.342512908777969
-0.03214064249218945,-0.34539365454038223
-0.038877770796381314,-0.3486884420528357
-0.045614899100573765,-0.35198322956528977
-0.05235202740476621,-0.35527801707774387
-0.05908915570895807,-0.3585728045901973
-0.06528807088818041,-0.36316695352839934
-0.07155517404259729,-0.36759648213209817
-0.07829230234678974,-0.3708912696445522
-0.08402119237623631,-0.3766201596739988
-0.09056624558489147,-0.3803786574870912
-0.09749544898462062,-0.38320973469890635
-0.10524081556355835,-0.3835715768632919
-0.11096970559300513,-0.37784268683384514
-0.11531841652323581,-0.37154210790299935
-0.11876075731497418,-0.36486609816825943
-0.12220309810671257,-0.3581900884335198
-0.12414885564281943,-0.3508941736170773
-0.1274436431552729,-0.34415704531288543
-0.13073843066772697,-0.337419917008693
-0.13403321818018124,-0.33068278870450035
-0.1373280056926347,-0.32394566040030853
-0.1430568957220813,-0.31821677037086193
-0.14878578575152865,-0.31248788034141456
-0.15506579129509396,-0.30808950086058523
-0.16125180408516787,-0.30346420279951375
-0.16247578361752515,-0.29672707449532204
-0.15674689358807778,-0.2909981844658747
-0.15101800355863043,-0.28526929443642735
-0.1448706045225884,-0.28055077452667815
-0.1367687305456007,-0.28055077452667815
-0.13009272081086046,-0.27710843373493976
-0.12205301379237145,-0.27725851804928087
-0.11632412376292488,-0.28298740807872746
-0.11531841652323581,-0.2906727044772591
-0.11216865125501102,-0.29746990296185644
-0.10887386374255696,-0.298202607288168
-0.10499139414802065,-0.29170890487273854
-0.10769849957839131,-0.28472835067978425
-0.10855918457385208,-0.2769829841008467
-0.1094640768596954,-0.2712540940713994
-0.10843373493975904,-0.26357900169153087
-0.10530860435178174,-0.2567715991882706
-0.10499139414802065,-0.2488011179798029
-0.10154905335628228,-0.24212510824506264
-0.0981067125645439,-0.23544909851032317
-0.0981067125645439,-0.22734722453333567
-0.0981067125645439,-0.219245350556347
-0.0981067125645439,-0.2111434765793593
-0.0981067125645439,-0.2030416026023716
-0.0981067125645439,-0.19493972862538392
-0.0981067125645439,-0.18683785464839545
-0.10154905335628228,-0.180161844913655
-0.10154905335628228,-0.1720599709366675
-0.09653714536716038,-0.16695352839931155
-0.08986113563242011,-0.16351118760757316
-0.08175926165543144,-0.16351118760757316
-0.07508325192069217,-0.16695352839931155
-0.06698137794370525,-0.16695352839931155
-0.058879503966716776,-0.16695352839931155
-0.05153289975686732,-0.16877691091438915
-0.045527484497237036,-0.1738382099827883
-0.03906688142322888,-0.1778005884562892
-0.032329753119036235,-0.18109537596874345
-0.02559262481484379,-0.18439016348119752
-0.01986373478539721,-0.1901190535106441
-0.01312660648120535,-0.19341384102309758
-0.005471426088797925,-0.1944922547332186
0.0012045836459423347,-0.19793459552495699
0.007880593380681714,-0.20137693631669537
0.015838383285053624,-0.20172478603892627
0.022658477092409667,-0.20481927710843373
0.030760351069397358,-0.20481927710843373
0.03886222504638505,-0.20481927710843373
0.04696409902337274,-0.20481927710843373
0.05506597300036132,-0.20481927710843373
0.0631678469773499,-0.20481927710843373
0.07106418761235966,-0.2043230757267109
0.0774526678141136,-0.20088387344173209
0.07574241254563843,-0.1944922547332186
0.06906640281089856,-0.19104991394148021
0.061760839833086015,-0.18912744912740606
0.05428851909917198,-0.18760757314974183
0.04727834494995652,-0.1849719766194918
0.0395329783710189,-0.18411129162403087
0.03283462565270367,-0.18072289156626506
0.024732751675715977,-0.18072289156626506
0.018056741940975715,-0.17728055077452667
0.009954867963987143,-0.17728055077452667
0.0028226220258228815,-0.174939661612742
-0.00482301574773993,-0.1738382099827883
-0.011499025482480288,-0.17039586919104993
-0.019600899459467882,-0.17039586919104993
-0.027702773436455674,-0.17039586919104993
-0.03437878317119496,-0.16695352839931155
-0.04248065714818362,-0.16695352839931155
-0.04915666688292388,-0.16351118760757316
-0.05583267661766317,-0.16006884681583478
-0.06184448581088615,-0.15502298406863194
-0.06757337584033352,-0.14929409403918456
-0.07431050414452596,-0.14599930652673052
-0.08003939417397274,-0.14027041649728372
-0.08576828420341931,-0.13454152646783715
-0.09149717423286667,-0.12881263643838978
-0.09823430253705913,-0.12551784892593573
-0.1039631925665059,-0.11978895889648894
-0.10969208259595248,-0.11406006886704237
-0.11542097262539984,-0.10833117883759501
-0.1211498626548472,-0.10260228880814763
-0.1268787526842938,-0.09687339877870106
-0.13253012048192772,-0.09111239798945206
-0.13590243022619464,-0.08440738044506184
-0.14163132025564198,-0.07867849041561448
-0.14078817794619025,-0.07194136211142262
-0.13325517488526023,-0.07056798623063684
-0.12630568306306145,-0.07335008285776472
-0.119568554758869,-0.07664487037021878
-0.11383966472942222,-0.08237376039966555
-0.10811077469997565,-0.08810265042911214
-0.10238188467052829,-0.0938315404585595
-0.09665299464108093,-0.09956043048800686
-0.09092410461163435,-0.10528932051745345
-0.08519521458218757,-0.11101821054690023
-0.07845808627799512,-0.11431299805935428
-0.07272919624854776,-0.12004188808880165
-0.0659920679443559,-0.12333667560125512
-0.060263177914909316,-0.1290655656307017
-0.05352604961071687,-0.13236035314315578
-0.04678892130652442,-0.13565514065560982
-0.04005179300233257,-0.1389499281680633
-0.033314664698140706,-0.14224471568051678
-0.026577536393948258,-0.14553950319297085
-0.019840408089755714,-0.14883429070542512
-0.012114446894196764,-0.14974182444061962
-0.005438437159457385,-0.153184165232358
0.0012375725752829735,-0.1566265060240964
0.008116343401758081,-0.1595793382382469
0.016015456287009948,-0.16006884681583478
0.022691466021749426,-0.16351118760757316
0.029367475756489684,-0.16006884681583478
0.03270223752151463,-0.15530173460387106
0.028470695154297794,-0.14895262286514108
0.022741805124851116,-0.1432237328356945
0.017012915095403754,-0.13749484280624713
0.010275786791211307,-0.13420005529379306
0.00429148670382554,-0.12908777969018934
-0.002384523030913839,-0.12564543889845095
-0.008927359846619678,-0.12188159023943874
-0.01566448815081222,-0.11858680272698469
-0.022401616455004082,-0.11529201521453121
-0.028130506484450663,-0.10956312518508463
-0.035764571704613474,-0.10843373493975904
-0.04160476309283575,-0.1029735501601763
-0.04834189139702761,-0.09967876264772282
-0.05579260090883269,-0.0981067125645439
-0.061816148005411915,-0.09308918762281529
-0.06914462037831262,-0.09122203098106713
-0.0758206301130517,-0.08777969018932874
-0.08249663984779118,-0.08433734939759037
-0.08917264958253145,-0.08089500860585198
-0.09651002780111748,-0.07904935257754002
-0.10324715610530934,-0.07575456506508654
-0.11062654302899869,-0.07401032702237521
-0.11672141271369364,-0.069164990040179
-0.122450302743141,-0.06343610001073163
-0.12574509025559447,-0.05669897170653978
-0.13147398028504106,-0.050970081677093194
-0.13253012048192772,-0.04330567529342244
-0.1359724612736661,-0.036629665558682176
-0.1394148020654045,-0.0299536558239427
-0.1394148020654045,-0.02185178184695501
-0.13818399383447827,-0.014259725331896496
-0.1314468655302866,-0.013131447722725462
-0.1277644976948079,-0.0189328743545611
-0.12141494971364125,-0.023163363539370797
-0.11568605968419389,-0.028892253568818162
-0.10995716965474653,-0.03462114359826553
-0.10322004135055467,-0.037915931110719
-0.09925265405509576,-0.04302925989672978
-0.09318812553390875,-0.04794784692736492
-0.08732649882786345,-0.05335628227194492
-0.08072210720026972,-0.05697152446926557
-0.07398497889607786,-0.06026631198171905
-0.06729846962364423,-0.06368330464716007
-0.061518960562438045,-0.06928998952362048
-0.053946450154164695,-0.07056798623063684
-0.049913941480206545,-0.06649862092760729
-0.05335628227194492,-0.05982261119286704
-0.056946889789018865,-0.053208015546609366
-0.06267577981846564,-0.04747912551716259
-0.06840466984791223,-0.04175023548771601
-0.07413355987735959,-0.03602134545826865
-0.07986244990680695,-0.030292455428821283
-0.08659957821099881,-0.026997667916367804
-0.09278676955919446,-0.022375215146299483
-0.09906559654463724,-0.017973990374467747
-0.1047944865740846,-0.012245100345020384
-0.11253985315302155,-0.011384415349560206
-0.11826874318246833,-0.005655525320113429
-0.1261668182328936,-0.0051635111876075735
-0.13375947634034357,-0.003934155329191702
-0.13948836636979017,0.001794734700254879
-0.14285714285714285,0.008501215767577529
-0.148512043911691,0.014260753033894102
-0.14974182444061962,0.02185323523705805
-0.153184165232358,0.028529244971797527
-0.1566265060240964,0.03520525470653681
-0.1566265060240964,0.04330712868352548
-0.1566265060240964,0.05140900266051395
-0.16006884681583478,0.05808501239525304
-0.15829854720077602,0.06545360426221883
-0.1566265060240964,0.07286289610698041
-0.153184165232358,0.07953890584172087
-0.14974182444061962,0.08621491557646015
-0.14755349966795403,0.09341035575373272
-0.14182460963850668,0.09913924578318008
-0.1347209106410066,0.10154905335628228
-0.1266190366640189,0.10154905335628228
-0.11851716268703123,0.10154905335628228
-0.11184115295229097,0.10499139414802065
-0.1037392789753023,0.10499139414802065
-0.09636064843962795,0.1067374582729366
-0.0889613952635761,0.10843373493975904
-0.08228538552883585,0.11187607573149742
-0.0751410252523067,0.11418771829330432
-0.06750750181710789,0.11531841652323581
-0.06083149208236861,0.11876075731497418
-0.05415548234762816,0.12220309810671257
-0.0474794726128879,0.12564543889845095
-0.040803462878148615,0.12908777969018934
-0.03371001715240928,0.13152234085103306
-0.026025579166420468,0.13253012048192772
-0.01934956943168021,0.1359724612736661
-0.012673559696940829,0.1394148020654045
-0.004571685719953137,0.1394148020654045
0.0021043240147862424,0.14285714285714285
0.010206197991774815,0.14285714285714285
0.018308071968762506,0.14285714285714285
0.026409945945750104,0.14285714285714285
0.033981805508535974,0.14157757487012151
0.04118782965747903,0.1394148020654045
0.049289703634466726,0.1394148020654045
0.05739157761145442,0.1394148020654045
0.065493451588443,0.1394148020654045
0.07359532556543068,0.1394148020654045
0.08169719954241828,0.1394148020654045
0.08979907351940597,0.1394148020654045
0.09647508325414633,0.14285714285714285
0.1045769572311349,0.14285714285714285
0.11125296696587428,0.14629948364888123
0.1181725996021004,0.14915366672774583
0.12490972790629284,0.1524484542401999
0.12908777969018934,0.15881972250400123
0.12908777969018934,0.16692159648098892
0.12824967397071188,0.17467631570226566
0.12252078394126463,0.180405205731713
0.11922599642881046,0.18714233403590547
0.11531841652323581,0.19362563541994743
0.1204345141595612,0.1996083523695441
0.12780381667944438,0.20137693631669537
0.13491700904269138,0.20376382487745912
0.1394148020654045,0.2079861754342016
0.14285714285714285,0.21466218516894106
0.14580960985479757,0.221541107273042
0.14629948364888123,0.2294400688806698
0.14285714285714285,0.23611607861540929
0.1417731999395904,0.2437689687351085
0.1394148020654045,0.25089396232713723
0.13518362491468217,0.2572432253434934
0.13253012048192772,0.2642459817966168
0.12908777969018934,0.2709219915313555
0.12908777969018934,0.27902386550834396
0.12908777969018934,0.2871257394853326
0.13216356447698469,0.29395358168868874
0.13302424947244496,0.30169894826762567
0.13631903698489903,0.30843607657181815
0.1394148020654045,0.3152556426665403
0.14285714285714285,0.3219316524012796
0.14620339952226005,0.3286474614843943
0.14629948364888123,0.33670953611300775
0.14974182444061962,0.343385545847748
0.14974182444061962,0.3514874198247347
0.153184165232358,0.35816342955947417
0.155375029533549,0.3653578178295902
0.1566265060240964,0.37294131327120295
0.15709639952447005,0.3808485509874649
0.16006884681583478,0.3877191969829301
0.1612518720323844,0.3953310458705945
0.16351118760757316,0.402497080694659
0.16351118760757316,0.4105989546716467
0.16695352839931155,0.417274964406386
0.16695352839931155,0.4253768383833745
0.16798939952668004,0.43304964049053546
0.17039586919104993,0.44015472209510165
0.1738382099827883,0.4468307318298409
0.1738382099827883,0.45493260580682976
0.1738382099827883,0.4630344797838183
0.1747269270209757,0.4707682351104765
0.17728055077452667,0.47781236349554546
0.17728055077452667,0.4859142374725339
0.18072289156626506,0.4925902472072742
0.18072289156626506,0.5006921211842619
0.18146445451527077,0.508486829730417
0.18416523235800344,0.515470004895989
0.18416523235800344,0.5235718788729775
0.18760757314974183,0.530247888607717
0.19104991394148021,0.5369238983424565
0.19307018704355353,0.5441889478008684
0.1963649745560076,0.5509260761050612
0.19965976206846106,0.5576632044092528
0.20137693631669537,0.5650538015236638
0.20137693631669537,0.5731556755006526
0.20137693631669537,0.5812575494776411
0.19721726806609438,0.5876364324502567
0.19148837803664817,0.5933653224797029
0.1849939860767401,0.5972461273666093
0.17831797634199986,0.6006884681583476
0.17127699312407144,0.6032496850170647
0.16453986481987956,0.6065444725295179
0.16873242807736558,0.6110154905335629
0.17683430205435413,0.6110154905335629
0.18471037185733385,0.6115606300328932
0.19043926188678054,0.6172895200623402
0.19686233125857325,0.621342512908778
0.20137693631669537,0.6269462583771346
0.20620006773287383,0.6330503259084332
0.2094948552453273,0.6397874542126248
0.21514629948364888,0.6455484233391056
0.21851853278722874,0.6522534725462646
0.22181332029968212,0.6589906008504568
0.22547332185886404,0.6655764525433243
0.22840289532458974,0.6724648574588409
0.23169768283704312,0.6792019857630329
0.2395260430638021,0.6798623063683304
0.2476279170407898,0.6798623063683304
0.2557297910177784,0.6798623063683304
0.26267914915279245,0.6826447257448752
0.2705076747295063,0.6833046471600689
0.2771836844642457,0.6867469879518072
0.28389877234011374,0.6900949857652429
0.29196156817597463,0.6901893287435457
0.298637577910714,0.693631669535284
0.30531358764545335,0.6970740103270224
0.312863762106372,0.698405930781071
0.31960089041056455,0.7017007182935251
0.3263380187147563,0.7049955058059784
0.3334434908266602,0.7074010327022375
0.33981227532314073,0.7115850808308861
0.34654940362733316,0.7148798683433402
0.35328653193152504,0.7181746558557934
0.3590154219609717,0.72390354588524
0.3657525502651641,0.7271983333976945
0.37207368499285187,0.7314974182444062
0.3782185685988034,0.7362220109395952
0.38495569690299514,0.7395167984520484
0.3906845869324425,0.7452456884814957
0.3964134769618903,0.7509745785109435
0.4021423669913378,0.7567034685403913
0.4078712570207851,0.7624323585698386
0.4136001470502335,0.7681612485992868
0.41932903707968194,0.7738901386287353
0.4250579271091297,0.7796190286581831
0.4307868171385768,0.7853479186876301
0.43651570716802524,0.7910768087170786
0.44224459719747367,0.7968056987465271
0.4455393847099277,0.8035428270507196
0.44922547332185886,0.8101178731325362
0.45266781411359724,0.8167938828672773
0.45266781411359724,0.8248957568442662
0.45266781411359724,0.8329976308212539
0.4506246135059769,0.8402531833959167
0.4473298259935224,0.8469903117001091
0.44403503848106807,0.8537274400043019
0.4407402509686139,0.8604645683084944
0.4354561101549054,0.8663776794949559
0.432013769363167,0.8730536892296974
0.42872107122859976,0.8796677149463278
0.43545819953279225,0.8829625024587819
0.44118708956223995,0.8841141152570372
0.44881108445093143,0.882960413080895
0.4556695844453709,0.8799586427491216
0.4589643719578244,0.8732215144449296
0.46225915947027846,0.8664843861407371
0.4655539469827331,0.8597472578365438
0.4688487344951879,0.853010129532351
0.4721435220076419,0.8462730012281585
0.4754383095200956,0.8395358729239665
0.47676419965576594,0.8319832006233893
0.4795937820280111,0.8250533780408358
0.4802065404475043,0.8172053169116602
0.4802065404475043,0.8091034429346725
0.47676419965576594,0.8024274331999315
0.47250835385116785,0.7960883882745758
0.46677946382172014,0.7903594982451281
0.46004233551752766,0.787064710732674
0.4535692240798087,0.783132530120482
0.44689321434506807,0.7796901893287436
0.4408391888796944,0.7747462456783173
0.4375444013672403,0.7680091173741249
0.43889845094664376,0.762198106181717
0.4423914964844735,0.7555430990404834
0.4490885088127207,0.7521514629948365
0.4571903827897084,0.7521514629948365
0.4652922567666969,0.7521514629948365
0.4733941307436855,0.7521514629948365
0.4801100911044153,0.7554973544434859
0.4867461502131661,0.7590361445783133
0.4925761094380555,0.7645210319853877
0.49830499946750384,0.7702499220148362
0.5040338894969516,0.775978812044284
0.5073286770094056,0.7827159403484765
0.5081893620048661,0.7904613069274136
0.5114841495173209,0.7971984352316064
0.5146299483648882,0.803997276661435
0.5156396220252353,0.811680930114736
0.51893440953769,0.8184180584189292
0.521514629948365,0.8254511701079048
0.5249569707401033,0.8321271798426446
0.5263846695580586,0.8396376816062513
0.5296794570705133,0.8463748099104444
0.53184165232358,0.8535810732891144
0.5352839931153184,0.8602570830238551
0.5371297170908819,0.8675944330977665
0.5387263339070568,0.875034966735583
0.5421686746987951,0.881710976470324
0.5421686746987951,0.8898128504473117
0.5421686746987951,0.8979147244242994
0.5421686746987951,0.9060165984012879
0.5421686746987951,0.9141184723782764
0.5421686746987951,0.9222203463552633
0.5421686746987951,0.930322220332251
0.5370273648305688,0.9362944940334588
0.5330899598540325,0.9414802065404475
0.5249880858770448,0.9414802065404475
0.5172336058854952,0.9406415232693164
0.5139388183730409,0.9339043949651236
0.5111876075731497,0.9269421098143964
0.5111876075731497,0.9188402358374087
0.5111876075731497,0.9107383618604215
0.5111876075731497,0.9026364878834325
0.5111876075731497,0.8945346139064441
0.5057587762887442,0.8898450946643718
0.4990827665540039,0.8864027538726335
0.4918581110001534,0.884284961258329
0.48573074708452146,0.8795180722891567
0.4790547373497812,0.8760757314974182
0.4716467260875757,0.8777508642738702
0.4649095977833828,0.8810456517863247
0.4629948364888124,0.8883544056663957
0.4676696502191507,0.8945199083947103
0.47339854024859845,0.9002487984241581
0.4791274302780462,0.9059776884536058
0.48242221779050104,0.9127148167577986
0.48571700530295514,0.9194519450619911
0.4870912220309811,0.926984599832591
0.4905335628227195,0.933660609567332
0.4931672653233244,0.9406715682493143
0.49741824440619625,0.9470126290368129
0.4997568403482324,0.9541458248576988
0.5030516278606871,0.960882953161892
0.5077452667814114,0.9670406582410356
0.512075305402589,0.9733489714955322
0.5153700929150431,0.9800860997997247
0.5210989829444914,0.9858149898291731
0.52682787297394,0.9915438798586214
0.5342788357878081,0.9931153184165232
0.5423807097647958,0.9931153184165232
0.5490557344360066,0.9896705994710504
0.5547846244654551,0.9839417094416019
0.5605135144949027,0.9782128194121541
0.5638083020073562,0.9714756911079624
0.5695371920368046,0.9657468010785139
0.5703978770322657,0.958001434499576
0.5731497418244407,0.9510394202413237
0.5731497418244407,0.942937546264336
0.5731497418244407,0.9348356722873472
0.5731497418244407,0.9267337983103595
0.5731497418244407,0.9186319243333718
0.5697074010327022,0.9119559145986316
0.5697074010327022,0.9038540406216431
0.5641479216189432,0.8980549784175663
0.5662650602409639,0.8919278853944099
0.5697074010327022,0.8944383136690743
0.57138187981687,0.9018465958237547
0.5746766673293249,0.9085837241279479
0.576592082616179,0.9158922071155441
0.576592082616179,0.9239940810925318
0.5800344234079174,0.930670090827272
0.5795153369876741,0.9385569521689525
0.576592082616179,0.9454479745390011
0.576592082616179,0.9535498485159888
0.5744991794842986,0.9607848136310201
0.5712043919718442,0.9675219419352125
0.5679096044593905,0.974259070239405
0.5646148169469364,0.9809961985435974
0.558885926917488,0.9867250885730455
0.5531570368880395,0.9924539786024941
0.5464199085838476,0.9957487661149478
0.5400789533388679,1
0.5329456519754622,0.9976616588601438
0.526208523671269,0.994366871347689
0.5194713953670766,0.9910720838352349
0.5161766078546233,0.9843349555310432
0.5111876075731497,0.9803160696828138
0.5061446920379754,0.9743030397143951
0.5028499045255213,0.9675659114102027
0.4995551170130672,0.9608287831060103
0.49397590361445787,0.955037894986099
0.4929655419881584,0.947354526497625
0.48967075447570424,0.9406173981934325
0.4863759669632502,0.9338802698892401
0.4836488812392427,0.9269079918048894
0.4802065404475043,0.9202319820701476
0.47676419965576594,0.9135559723354073
0.47319681691343396,0.9069317566724703
0.4674679268839849,0.901202866643021
0.46173903685453704,0.8954739766135732
0.4560101468250893,0.8897450865841254
0.4492927123871642,0.8864027538726335
0.4425358902167044,0.8896499961860496
0.43451482867543434,0.8898450946643718
0.42805339533357356,0.8858847206347785
0.4251290877796902,0.8789941345071588
0.4285714285714286,0.8723181247724165
0.432013769363167,0.8656421150376779
0.43538393027562317,0.8589362074180087
0.43889845094664376,0.8522900955681973
0.4423407917383821,0.8456140858334571
0.4457831325301205,0.8389380760987148
0.44922547332185886,0.8322620663639746
0.44922547332185886,0.8241601923869869
0.4481664963273549,0.8164969610433619
0.44487170881490085,0.8097598327391694
0.44157692130244675,0.803022704434977
0.43584803127300015,0.7972938144055304
0.43011914124355255,0.7915649243760826
0.42439025121410345,0.7858360343466337
0.4186613611846557,0.780107144317186
0.41293247115520787,0.7743782542877382
0.4072035811257589,0.7686493642582889
0.4014746910963111,0.7629204742288411
0.39574580106686336,0.7571915841993934
0.39001691103741687,0.7514626941699472
0.3842880210079691,0.7457338041404995
0.3785591309785201,0.7400049141110502
0.37182200267432763,0.736710126598596
0.36587930319433976,0.7314974182444062
0.3593559843406861,0.7276864490566931
0.3526188560364936,0.7243916615442391
0.3458817277323012,0.7210968740317849
0.3401528377028543,0.7153679840023379
0.3334157093986623,0.7120731964898843
0.325823244785896,0.710843373493976
0.31914723505115566,0.7074010327022375
0.3124712253164154,0.7039586919104992
0.3057952155816733,0.7005163511187608
0.2991192058469329,0.6970740103270224
0.29198470129876025,0.6947385739321509
0.28434132213520497,0.693631669535284
0.27750220641563056,0.6905831014242364
0.27076507811143685,0.6872883139117811
0.26288742868873666,0.6867469879518072
0.2552743449535638,0.6855669439208616
0.24810954497700685,0.6833046471600689
0.24000767100001916,0.6833046471600689
0.2358003442340792,0.6892156709206074
0.23395607263089524,0.6952297387238382
0.2323580034423408,0.7011418261478409
0.23051533601974808,0.7074010327022375
0.2233096742334165,0.70523738507679
0.22203098106712565,0.6976651631513937
0.22547332185886404,0.6909891534166515
0.22891566265060243,0.6843131436819128
0.22633398986754746,0.6772806335852756
0.22203098106712565,0.6709611242124323
0.21974441484263932,0.6638063769768906
0.21514629948364888,0.6576091047429499
0.2117039586919105,0.6509330950082095
0.20742594978828208,0.6446032303390569
0.20413116227582673,0.6378661020348628
0.198402272246379,0.6321372120054151
0.1944922547332186,0.6256549203114952
0.18868631160945762,0.621342512908778
0.18201030187471726,0.6179001721170396
0.17590433809609218,0.6158340440037358
0.1686582824052349,0.6179001721170396
0.1605564084282472,0.6179001721170396
0.15388039869350506,0.621342512908778
0.14720438895876473,0.6247848537005164
0.14020222002563917,0.6274397765320199
0.13346509172144674,0.6307345640444739
0.12575049551229642,0.6316695352839932
0.11907448577755614,0.6351118760757315
0.11123723025938001,0.6357507215478492
0.10550834022993226,0.6414796115772968
0.09776297365099375,0.6423402965727584
0.09446818613853969,0.6490774248769509
0.09122203098106713,0.6558346973621467
0.09122203098106713,0.6639365713391344
0.09299203332696938,0.6713052863390176
0.09466437177280551,0.6787144550508644
0.0971475058348852,0.6857877812221483
0.10044229334733926,0.6925249095263412
0.10373708085979332,0.6992620378305336
0.10703186837224739,0.7059991661347261
0.11187607573149742,0.7120945037245661
0.11531841652323581,0.7187705134593063
0.11935033342660337,0.7252023127725588
0.1226451209390587,0.7319394410767524
0.12837401096850645,0.7376683311062001
0.13253012048192772,0.7440486881560219
0.1379880369613319,0.7487091222030982
0.14413481681460072,0.7534291369522944
0.14991419218856336,0.7590361445783133
0.15660083514824102,0.7624528144941962
0.16333796345243348,0.7657476020066503
0.1700750917566272,0.7690423895191059
0.17804409536977378,0.7693631669535285
0.18556582491450146,0.7707637595100266
0.19282197908150359,0.7728055077452668
0.19949798881624395,0.7762478485370052
0.20759986279323164,0.7762478485370052
0.21570173677021923,0.7762478485370052
0.22227618125969786,0.7799353895213159
0.2255709687721533,0.7866725178255095
0.23228742518270182,0.7900172117039587
0.2390452253805382,0.7932620928504176
0.24706530889443165,0.7934595524956971
0.2551671828714193,0.7934595524956971
0.26184319260615957,0.7969018932874354
0.26994506658314726,0.7969018932874354
0.27662107631788757,0.8003442340791739
0.284509186579419,0.8008603053401763
0.29139896002961746,0.8037865748709122
0.2989916814625482,0.8050157778480904
0.3057288097667411,0.8083105653605448
0.31285285347608566,0.810671256454389
0.32095472745307335,0.810671256454389
0.3269484329540632,0.8055816875278647
0.33430674692255397,0.8037865748709122
0.34240862089954355,0.8037865748709122
0.35018453269087596,0.8045735172003425
0.3569216609950684,0.8078683047127966
0.3638625143460136,0.810671256454389
0.37053852408075394,0.8141135972461274
0.3781412841823913,0.8153185647331659
0.38487841248658283,0.8186133522456192
0.39161554079077543,0.8219081397580732
0.3973444308202244,0.8276370297875221
0.4010327022375215,0.8342111717217532
0.4063681083621262,0.8401030481211623
0.4113597246127367,0.8461373269489882
0.41295768338703576,0.8535773047295487
0.410734405732994,0.8588640275387264
0.40263253175600644,0.8588640275387264
0.3964350625093383,0.8542663878105433
0.3892805122865258,0.8519793459552496
0.3829608059009521,0.8476768127856337
0.3762236775967597,0.8443820252731795
0.36948654929256586,0.8410872377607244
0.3637576592631181,0.8353583477312766
0.356012292684181,0.8344976627358162
0.3492751643799885,0.8312028752233621
0.3425484441433418,0.827882960413081
0.33587243440859965,0.8244406196213425
0.329063779467411,0.8213185126859995
0.3223266511632186,0.8239728324856624
0.3218588640275387,0.8318809426867498
0.32311244688278085,0.8394635656435383
0.3253012048192771,0.8466588263984778
0.3253012048192771,0.8547607003754655
0.32490790776939216,0.8626996653803497
0.3218588640275387,0.8695385840871954
0.32075243526147645,0.8771821602634805
0.3150235452320287,0.8829110502929282
0.31172875771957326,0.8896481785971222
0.3059998676901269,0.8953770686265684
0.2984583035557985,0.8967297762478486
0.2903564295788108,0.8967297762478486
0.28377200622806004,0.8930663263657539
0.27703487792386633,0.8897715388532983
0.2736660929432014,0.88306506130402
0.2670947314315861,0.8795180722891567
0.2612740720777707,0.8740107330072029
0.25554518204832294,0.8682818429777551
0.24981629201887637,0.8625529529483085
0.24324242097711962,0.8588640275387264
0.23735027368523626,0.8535292754064067
0.22989040150763715,0.8519793459552496
0.2238760170768501,0.8469397003814974
0.21713888877265755,0.8436449128690433
0.21040176046846384,0.8403501253565877
0.20461222681092148,0.8347676419965577
0.19793574213482365,0.8313264478146859
0.1911986138306312,0.8280316603022319
0.18760757314974183,0.8214172440783029
0.188172004976767,0.8135491654191023
0.19490913328095946,0.8102543779066481
0.2006380233104072,0.8045254878772004
0.20737515161460093,0.8012307003647452
0.2117039586919105,0.7949218769880745
0.20649027344954768,0.7900172117039587
0.1983883994725601,0.7900172117039587
0.19171238973781973,0.7865748709122203
0.18478122676525016,0.7837485245277286
0.1769345060260918,0.783132530120482
0.1688326320491041,0.783132530120482
0.16154512702843865,0.7811664695413475
0.15405474833737426,0.7796901893287436
0.14706263214530907,0.777010997033433
0.1392768646256463,0.7762478485370052
0.1315718989874348,0.7752896270425123
0.12449898091391651,0.7728055077452668
0.11639710693692881,0.7728055077452668
0.1093440375253667,0.7702734695391363
0.101619223225199,0.7693631669535285
0.09494321349045864,0.76592082616179
0.08684133951347153,0.76592082616179
0.07873946553648521,0.76592082616179
0.07206345580174486,0.7624784853700517
0.06396158182475531,0.7624784853700517
0.05714294802229474,0.7593804695369247
0.049183698113027356,0.7590361445783133
0.0416522148644191,0.7576590995460027
0.034405814401297544,0.7555938037865749
0.026303940424309852,0.7555938037865749
0.018416115127607678,0.7550770445596213
0.0115260567125819,0.7521514629948365
0.00485004697783978,0.7487091222030982
-0.003251826999147912,0.7487091222030982
-0.011353700976133746,0.7487091222030982
-0.019302479492334695,0.7483395170653245
-0.026131584687863654,0.7452667814113597
-0.034233458664851155,0.7452667814113597
-0.04153034095440142,0.7433233595619497
-0.0490113423765793,0.7418244406196214
-0.05702107411227707,0.7416019895710274
-0.06378922608830902,0.7383820998278829
-0.07189110006529671,0.7383820998278829
-0.07924893557434516,0.7365858320676514
-0.0859860638785376,0.7332910445551973
-0.09272319218273005,0.7299962570427433
-0.09601797969518294,0.723259128738552
-0.10154905335628228,0.7174483004864751
-0.10154905335628228,0.7093464265094855
-0.10499139414802065,0.7026704167747453
-0.10499139414802065,0.6945685427977576
-0.10843373493975904,0.6878925330630153
-0.1109184997359225,0.6808198823639052
-0.11187607573149742,0.6731146493512874
-0.11263986972684324,0.6653291492060309
-0.11593465723929731,0.6585920209018385
-0.11876075731497418,0.6516607559048172
-0.11876075731497418,0.6435588819278307
-0.12220309810671257,0.6368828721930913
-0.12016059395829758,0.6296270311355782
-0.11406441554632817,0.6247848537005164
-0.1066863373499125,0.6230374561106701
-0.09928653183460022,0.621342512908778
-0.09118465785761252,0.621342512908778
-0.0844584758878446,0.6180212986072936
-0.07671310930890746,0.6171606136118333
-0.06997598100471482,0.6138658260993792
-0.0632388527005212,0.610571038586924
-0.057509962671074416,0.6048421485574774
-0.050772834366882166,0.6015473610450233
-0.04504394433743441,0.5958184710155756
-0.03931505430798666,0.5900895809861278
-0.03358616427853773,0.5843606909566789
-0.030291376766083664,0.5776235626524865
-0.025817555938037865,0.5713748059381014
-0.022375215146299483,0.5646987962033592
-0.017972911711726703,0.5584204160146526
-0.010899272430954393,0.5559380378657487
-0.0051635111876075735,0.5515554485826171
-0.0051635111876075735,0.5434535746056294
-0.008605851979345956,0.5367775648708872
-0.013278627292242232,0.530611217802422
-0.0189328743545611,0.5319472134200296
-0.02230230483414542,0.5386534235949026
-0.0231629898296057,0.5463987901738397
-0.02645777734205976,0.5531359184780322
-0.03218666737150771,0.55886480850748
-0.03548145488396041,0.5656019368116713
-0.04121034491340953,0.5713308268411202
-0.04693923494285729,0.5770597168705679
-0.05266812497230504,0.5827886069000157
-0.05940525327649866,0.5860833944124714
-0.06573510035523061,0.5903614457831325
-0.07241111008997107,0.593803786574871
-0.07908711982471132,0.5972461273666093
-0.0857631295594508,0.6006884681583476
-0.09243913929419184,0.6041308089500861
-0.0991151490289323,0.6075731497418244
-0.1072170230059198,0.6075731497418244
-0.11389303274066201,0.6110154905335629
-0.12104764628897693,0.6133023795075654
-0.12867091645238996,0.6144578313253012
-0.13677279042937765,0.6144578313253012
-0.14327550775104367,0.6105971256396623
-0.1465702952634989,0.6038599973354682
-0.14986508277595317,0.5971228690312758
-0.153184165232358,0.5903958040223666
-0.153184165232358,0.5822939300453773
-0.1566265060240964,0.5756179203106371
-0.1566265060240964,0.5675160463336494
-0.1566265060240964,0.5594141723566617
-0.1598973977827028,0.5526671461071423
-0.16006884681583478,0.5446362886449319
-0.16351118760757316,0.5379602789101915
-0.16351118760757316,0.5298584049332038
-0.16351118760757316,0.5217565309562142
-0.16351118760757316,0.5136546569792265
-0.16695352839931155,0.5069786472444863
-0.16695352839931155,0.4988767732674986
-0.16695352839931155,0.4907748992905128
-0.17039586919104993,0.48409888955577063
-0.17039586919104993,0.47599701557878293
-0.17039586919104993,0.46789514160179524
-0.1738382099827883,0.4612191318670534
-0.1738382099827883,0.4531172578900657
-0.1738382099827883,0.4450153839130778
-0.1738382099827883,0.4369135099360901
-0.17728055077452667,0.4302375002013499
-0.17728055077452667,0.4221356262243604
-0.1802579327349824,0.41526702423575773
-0.18072289156626506,0.40735774251263246
-0.18072289156626506,0.3992558685356428
-0.18072289156626506,0.39115399455865685
-0.18072289156626506,0.3830521205816694
-0.18212725519529058,0.37553195306632736
-0.18416523235800344,0.36827423686994143
-0.18416523235800344,0.36017236289295196
-0.18416523235800344,0.35207048891596426
-0.18556999517713343,0.3445504867505774
-0.18760757314974183,0.3372926052042344
-0.18760757314974183,0.3291907312272467
-0.18760757314974183,0.321088857250259
-0.18760757314974183,0.3129869832732715
-0.18760757314974183,0.3048851092962838
-0.18760757314974183,0.2967832353192941
-0.18760757314974183,0.28868136134230643
-0.18760757314974183,0.28057948736531896
-0.18760757314974183,0.27247761338833126
-0.18590650620173113,0.2650803444117139
-0.17995175570886776,0.25989672977624784
-0.17243224959334602,0.2584907693868056
-0.1656951212891536,0.2551959818743515
-0.1584978622623976,0.25301204819277107
-0.1503959882854101,0.25301204819277107
-0.1422941143084224,0.25301204819277107
-0.13419224033143276,0.25301204819277107
-0.12609036635444507,0.25301204819277107
-0.11798849237745757,0.25301204819277107
-0.10988661840046987,0.25301204819277107
-0.10178474442348218,0.25301204819277107
-0.09368287044649448,0.25301204819277107
-0.08622497895029008,0.2514573369537324
-0.07890498673476654,0.2495697074010327
-0.07080311275777688,0.2495697074010327
-0.06270123878078938,0.2495697074010327
-0.054599364803801696,0.2495697074010327
-0.04792335506906124,0.24612736660929432
-0.03982148109207374,0.24612736660929432
-0.03200741289772736,0.24543254198550707
-0.02504359738034383,0.24268502581755594
-0.01694172340335614,0.24268502581755594
-0.008839849426366685,0.24268502581755594
-0.0021638396916263277,0.23924268502581755
0.004512170043112073,0.2358003442340792
0.012614044020099765,0.2358003442340792
0.019290053754840122,0.2323580034423408
0.026930804909537046,0.2312447544708416
0.034067937466569935,0.22891566265060243
0.04074394720131019,0.22547332185886404
0.04815042809686035,0.22379449445047175
0.054887556401052896,0.22049970693801768
0.06219784064778036,0.21858864027538727
0.06887385038252063,0.21514629948364888
0.0755498601172601,0.2117039586919105
0.08222586985200124,0.2082616179001721
0.08958143619675982,0.20645987189274104
0.09631856450095226,0.203165084380287
0.10367976329847141,0.20137693631669537
0.10843373493975904,0.19601255743150425
0.1130876086217926,0.18983838105118503
0.11638239613424665,0.1831012527469926
0.11967718364670073,0.17636412444280014
0.12540607367614984,0.17063523441335102
0.12564543889845095,0.162632508757801
0.12172933161283889,0.1561527395302228
0.11499220330864517,0.15285795201776736
0.10825507500445272,0.14956316450531332
0.10150506190145583,0.14629948364888123
0.09340318792446824,0.14629948364888123
0.08530131394748054,0.14629948364888123
0.077199439970491,0.14629948364888123
0.06909756599350331,0.14629948364888123
0.06099569201651571,0.14629948364888123
0.052893818039526155,0.14629948364888123
0.04479194406253847,0.14629948364888123
0.03669007008555087,0.14629948364888123
0.02858819610856318,0.14629948364888123
0.020486322131577344,0.14629948364888123
0.012384448154587795,0.14629948364888123
0.004282574177600102,0.14629948364888123
-0.003819299799387493,0.14629948364888123
-0.010495309534129709,0.14285714285714285
-0.018597183511117304,0.14285714285714285
-0.025273193245857563,0.1394148020654045
-0.03194920298059802,0.1359724612736661
-0.038906889995357026,0.13321014959156208
-0.04665225657429554,0.13234946459610034
-0.05338938487848798,0.12905467708364626
-0.06007910616180845,0.12564543889845095
-0.06675511589654871,0.12220309810671257
-0.07343112563128897,0.11876075731497418
-0.08033789809525776,0.11587552703383001
-0.08707502639945042,0.11258073952137576
-0.09488501907775737,0.11187607573149742
-0.1015610288124994,0.10843373493975904
-0.1096629027894871,0.10843373493975904
-0.11704825444045545,0.10670389702253939
-0.124440786501217,0.10499139414802065
-0.1325389875983311,0.10500026126442404
-0.13826787762777806,0.11072915129387101
-0.1394148020654045,0.11835595361377639
-0.13640625399511686,0.1252116461770002
-0.1359724612736661,0.1331338373255061
-0.13253012048192772,0.13980984706024638
-0.13253012048192772,0.14791172103723407
-0.13253012048192772,0.1560135950142237
-0.13253012048192772,0.1641154689912112
-0.13381809694150357,0.17168384565062578
-0.1359724612736661,0.17889335270293935
-0.1394148020654045,0.1855693624376796
-0.1394148020654045,0.19367123641466907
-0.14285714285714285,0.20034724614940932
-0.14629948364888123,0.20702325588414783
-0.14974182444061962,0.21369926561889005
-0.15444750701168972,0.21985198205471898
-0.15774229452414376,0.2265891103589114
-0.16347118455359153,0.23231800038835917
-0.17155648872308363,0.2323580034423408
-0.1738382099827883,0.226537850725056
-0.17129615805038745,0.2194889291347248
-0.16800137053793338,0.21275180083053236
-0.16470658302547814,0.20601467252633873
-0.16141179551302484,0.19927754422214705
-0.16006884681583478,0.19173193780910708
-0.1566265060240964,0.18505592807436683
-0.153184165232358,0.17837991833962638
-0.153184165232358,0.1702780443626369
-0.153184165232358,0.16217617038564922
-0.153184165232358,0.15407429640866152
-0.15584953495390352,0.14707645471907413
-0.15671021994936388,0.13933108814013698
-0.16006884681583478,0.13262040296219155
-0.16351118760757316,0.1259443932274511
-0.16351118760757316,0.1178425192504636
-0.16200121024995354,0.11036609837387781
-0.15612561165705863,0.10499139414802065
-0.14974182444061962,0.10125683083798101
-0.15080914196038764,0.09359705425303748
-0.1541039294728417,0.08685992594884503
-0.15739871698529578,0.08012279764465259
-0.16069350449774986,0.07338566934046015
-0.16351118760757316,0.06645091792203033
-0.16351118760757316,0.058349043945040674
-0.16351118760757316,0.05024716996805298
-0.1628861307355538,0.042404203024710416
-0.16006884681583478,0.035469286256325026
-0.1566265060240964,0.028793276521584768
-0.15543587071518508,0.02118457983738819
-0.15214108320273104,0.014447451533195741
-0.14884629569027696,0.0077103232290032945
-0.14555150817782153,0.000973194924809478
-0.13982261814837377,-0.004755695104638276
-0.14230177349488926,-0.011492823408830724
-0.1455965610073447,-0.01822995171302454
-0.14614172129495742,-0.025975318291961678
-0.14284693378250474,-0.03271244659615276
-0.1394148020654045,-0.03939268506806761
-0.13625735875759662,-0.046186703204537646
-0.1329625712451412,-0.052923831508731464
-0.12966778373268711,-0.059660959812923915
-0.13180256316014563,-0.06639808811711635
-0.13960307302704933,-0.06712564543889846
-0.14629948364888123,-0.06853110879405423
-0.14629948364888123,-0.07663298277104191
-0.14358430098882047,-0.08361019126591275
-0.1378554109593727,-0.08933908129536051
-0.13397582107120873,-0.09466437177280551
-0.12908777969018934,-0.09989468091826477
-0.12452870763027214,-0.10610812541619946
-0.11879981760082302,-0.11183701544564859
-0.11307092757137527,-0.11756590547509635
-0.10688984167373851,-0.12220309810671257
-0.10060490923773506,-0.12658958301699816
-0.09487601920828731,-0.13231847304644592
-0.08914712917883896,-0.13804736307589427
-0.0834182391493918,-0.14377625310534142
-0.07768934911994405,-0.1495051431347892
-0.07095222081575023,-0.15279993064724462
-0.07347853915797752,-0.15953705895143708
-0.08136013938922634,-0.16006884681583478
-0.08946201336621404,-0.16006884681583478
-0.09756388734320173,-0.16006884681583478
-0.10345176719898275,-0.16541390145027363
-0.10499139414802065,-0.17287804106397509
-0.10499139414802065,-0.18097991504096278
-0.10394896611067647,-0.18865000118708602
-0.10154905335628228,-0.19575779875269073
-0.10154905335628228,-0.20385967272967842
-0.10154905335628228,-0.21196154670666612
-0.10154905335628228,-0.2200634206836538
-0.10154905335628228,-0.22816529466064325
-0.10431325057465071,-0.23512220066070924
-0.1051739355701111,-0.2428675672396464
-0.10843373493975904,-0.24961918810711342
-0.11176351059502058,-0.25634182384803267
-0.11187607573149742,-0.26439707181884137
-0.11591898310293502,-0.27082431873116225
-0.12284375566009431,-0.2736660929432014
-0.1309456296370824,-0.2736660929432014
-0.1390475036140701,-0.2736660929432014
-0.14572351334881034,-0.27710843373493976
-0.1526293394481327,-0.27999594874245287
-0.15907553281829281,-0.28399311531841653
-0.16266125526477923,-0.29002786455909935
-0.16695352839931155,-0.2963518207903553
-0.17039586919104993,-0.3030278305250956
-0.17545254938204086,-0.30808950086058523
-0.18272508689807362,-0.31009169619239374
-0.18946221520226547,-0.31338648370484723
-0.19548057858626164,-0.31841652323580033
-0.20192823353590644,-0.3224101612467498
-0.2076571235653542,-0.3281390512761976
-0.2140827435482352,-0.33218588640275387
-0.2201231418989944,-0.3371627288180994
-0.22686027020318802,-0.34045751633055465
-0.2326849085102107,-0.3459552495697074
-0.23936091824495095,-0.3493975903614458
-0.24606341684102087,-0.35277598138491073
-0.25280054514521333,-0.3560707688973648
-0.2593889474491719,-0.35972461273666095
-0.2660649571839122,-0.36316695352839934
-0.27200369178304595,-0.3683892339517207
-0.2777325818124949,-0.3741181239811696
-0.28346147184194265,-0.3798470140106174
-0.2891903618713904,-0.3855759040400651
-0.2951674131308749,-0.39070567986230637
-0.3032692871078612,-0.39070567986230637
-0.3113711610848489,-0.39070567986230637
-0.3181553516376498,-0.39388684905589416
-0.3238842416670975,-0.3996157390853419
-0.32961313169654644,-0.40534462911479086
-0.3353420217259942,-0.4110735191442386
-0.3410709117554422,-0.41680240917368655
-0.3467998017848911,-0.4225312992031355
-0.3525286918143388,-0.42826018923258324
-0.35926582011853014,-0.4315549767450361
-0.3625606076309842,-0.4382921050492285
-0.36828949766043195,-0.4440209950786764
-0.3740183876898809,-0.44974988510812536
-0.37974727771932865,-0.4554787751375731
-0.3854761677487766,-0.4612076651670209
-0.3912050577782255,-0.4669365551964699
-0.39693394780767327,-0.4726654452259177
-0.4026628378371198,-0.4783943352553641
-0.4083917278665676,-0.4841232252848119
-0.41412061789601534,-0.48985211531425965
-0.41824440619621345,-0.4962458602489526
-0.4231442954379183,-0.5023181336479012
-0.4288731854673661,-0.508047023677349
-0.43460207549681523,-0.513775913706798
-0.4403309655262624,-0.5195048037362453
-0.44605985555570954,-0.5252336937656923
-0.4517887455851573,-0.53096258379514
-0.45751763561460507,-0.5366914738245877
-0.463246525644054,-0.5424203638540369
-0.46897541567350176,-0.5481492538834847
-0.47470430570294947,-0.5538781439129324
-0.4804331957323986,-0.5596070339423814
-0.4861620857618454,-0.5653359239718283
-0.49189097579129276,-0.5710648140012756
-0.49741824440619625,-0.5768772183550925
-0.4984805508162011,-0.5845390706096606
-0.50420944084565,-0.5902679606391097
-0.5099383308750978,-0.5959968506685575
-0.5156672209045455,-0.6017257406980052
-0.5213961109339946,-0.6074546307274542
-0.5246908984464487,-0.6141917590316467
-0.5283993115318417,-0.6207575580137817
-0.53184165232358,-0.6274335677485221
-0.53184165232358,-0.6355354417255098
-0.5352839931153184,-0.6422114514602518
-0.5352839931153184,-0.6503133254372395
-0.5387263339070568,-0.6569893351719799
-0.5387263339070568,-0.6650912091489694
-0.5421686746987951,-0.6717672188837097
-0.5470416785075556,-0.6778506285936142
-0.5503364660200096,-0.6845877568978067
-0.5570735943242017,-0.6878825444102603
-0.5628024843536499,-0.6936114344397085
-0.5685313743830978,-0.6993403244691563
-0.5752685026872902,-0.7026351119816103
-0.5800344234079174,-0.7087628769589222
-0.5757766665866415,-0.7134702982561768
-0.5687629004734904,-0.710843373493976
-0.5620868907387502,-0.7074010327022375
-0.5559380378657487,-0.7113705303557147
-0.5596055815698887,-0.7179532579898542
-0.5653344715993353,-0.7236821480193008
-0.5697074010327022,-0.7299726953176883
-0.5665725907741691,-0.7349397590361446
-0.5584707167971814,-0.7349397590361446
-0.5509917840085408,-0.7334358459706751
-0.5436928330854532,-0.7314974182444062
-0.537016823350713,-0.7280550774526678
-0.5297721608212176,-0.7259855859503053
-0.5230350325170251,-0.7226907984378512
-0.5169887941464903,-0.7177280550774527
-0.5105690141833837,-0.7136671208959483
-0.5038318858791923,-0.7103723333834954
-0.49810299584974455,-0.7046434433540476
-0.4923741058202968,-0.6989145533245998
-0.486645215790849,-0.6931856632951521
-0.4833504282783938,-0.6864485349909583
-0.4800556407659397,-0.6797114066867658
-0.47676419965576594,-0.6729728922573637
-0.47346606574103023,-0.6662371500783797
-0.47332185886402756,-0.6581950085456338
-0.47332185886402756,-0.650093134568648
-0.4708840107546503,-0.6430010503415694
-0.4675892232421962,-0.6362639220373769
-0.4664371772805508,-0.6286392411221778
-0.4629948364888124,-0.6219632313874376
-0.46013896322182635,-0.6150442988500536
-0.4568441757093711,-0.6083071705458598
-0.45354938819691704,-0.6015700422416673
-0.4478204981674691,-0.5958411522122197
-0.4420916081380215,-0.590112262182772
-0.43535447983383024,-0.5868174746703191
-0.42962558980438115,-0.5810885846408701
-0.4228884615001887,-0.5777937971284159
-0.4167102182145173,-0.5731497418244407
-0.4100342084797751,-0.5697074010327022
-0.40368531486235487,-0.5654753320740588
-0.3969481865581622,-0.5621805445616047
-0.3902110582539698,-0.5588857570491506
-0.384482168224522,-0.5531568670197029
-0.3777450399203294,-0.5498620795072484
-0.3710079116161371,-0.5465672919947947
-0.36472800457884036,-0.5421686746987951
-0.35854189328249575,-0.5375436144528916
-0.3518047649783031,-0.5342488269404375
-0.34506763667411067,-0.5309540394279834
-0.3393387466446629,-0.5252251493985356
-0.3326016183404705,-0.5219303618860816
-0.3258644900362768,-0.5186355743736262
-0.3194218006779032,-0.5146299483648882
-0.3133984717026378,-0.5096118968317256
-0.306661343398444,-0.5063171093192703
-0.3008196357159283,-0.5008605851979346
-0.2941953250648038,-0.49729343177736846
-0.2884664350353561,-0.4915645417479207
-0.2817293067311636,-0.48826975423546665
-0.27600041670171466,-0.4825408642060175
-0.2702715266722669,-0.47681197417656973
-0.26454263664282035,-0.47108308414712324
-0.2612478491303649,-0.46434595584292954
-0.25645438898450945,-0.46024607461854006
-0.2512159333137184,-0.45431404002628306
-0.24447880500952593,-0.45101925251382896
-0.23854580294400196,-0.4457831325301205
-0.23201278667588457,-0.44199557497192576
-0.2262838966464366,-0.43626668494247806
-0.21954676834224418,-0.43297189743002384
-0.2132676282472862,-0.4285714285714286
-0.20708075000860396,-0.42394821988812204
-0.20034362170441153,-0.420653432375668
-0.19360649340021907,-0.41735864486321395
-0.18787760337077133,-0.4116297548337662
-0.1821487133413224,-0.40590086480431725
-0.17541158503712975,-0.402606077291863
-0.17211679752467568,-0.39586894898767055
-0.16695352839931155,-0.39192224765807904
-0.16208488170802918,-0.385837033171024
-0.1563559916785814,-0.38010814314157626
-0.15062710164913368,-0.3743792531121285
-0.14388997334494122,-0.3759034862075545
-0.1381610833154921,-0.38163237623700363
-0.1344081070628755,-0.387263339070568
-0.12908777969018934,-0.38448179246626646
-0.13253012048192772,-0.37780578273152426
-0.1359724612736661,-0.371129772996784
-0.14194723096838602,-0.36751920620889456
-0.14524201848083873,-0.36078207790470346
-0.14853680599329278,-0.354044949600511
-0.15183159350574824,-0.3473078212963172
-0.15512638101820228,-0.3405706929921247
-0.15842116853065635,-0.3338335646879323
-0.16006884681583478,-0.326414181403091
-0.16257664103857217,-0.3193510698048013
-0.1587168441471264,-0.3136221797753536
-0.15290668081289022,-0.31497418244406195
-0.14629948364888123,-0.3184853358065299
-0.14295603830103212,-0.32520230937538785
-0.1394148020654045,-0.3318373552760123
-0.1359724612736661,-0.33851336501075263
-0.13063757324667488,-0.34440545601322187
-0.12908777969018934,-0.3518653844802351
-0.12564543889845095,-0.35854139421497533
-0.12318731322630637,-0.3656250792005439
-0.11989252571385231,-0.37236220750473636
-0.11659773820139688,-0.3790993358089302
-0.11187607573149742,-0.38524543315393656
-0.10656582238475173,-0.3891312516255753
-0.09982869408055792,-0.38898532058658203
-0.09244008820165868,-0.387263339070568
-0.08576407846691841,-0.3838209982788296
-0.07961730916798057,-0.37910095804921984
-0.07383792323968513,-0.3734939759036145
-0.067151290834339,-0.37007728050731664
-0.06048590377020265,-0.3666092943201377
-0.054685272500699586,-0.3610536029654156
-0.04794814419650714,-0.35775881545296156
-0.04121101589231587,-0.35446402794050863
-0.034473887588124794,-0.351169240428056
-0.02773675928393352,-0.34787445291560304
-0.021855709604017427,-0.342512908777969
-0.014262502675549798,-0.3412848778906961
-0.007077825892289476,-0.33907056798623064
-0.0004018161575509769,-0.33562822719449226
0.006274193577189381,-0.33218588640275387
0.013694248815961941,-0.33053983035787626
0.019626213046666282,-0.3253012048192771
0.02716850542434439,-0.3239502553329705
0.03390563372853556,-0.3206554678205178
0.03965424225088354,-0.31497418244406195
0.04637165206217371,-0.3116317902786179
0.05210054209161931,-0.3059029002491723
0.05883767039581186,-0.3026081127367183
0.06213245790826465,-0.295870984432527
0.06712564543889846,-0.28983735645019987
0.06872203293317092,-0.28239672782414404
0.07201682044562449,-0.2756595995199522
0.0774526678141136,-0.2698093272459826
0.08110076166259411,-0.2633390705679862
0.08777762629171533,-0.25989879367386126
0.0935065163211623,-0.2541699036444143
0.10112879086681137,-0.25301204819277107
0.10798901120429033,-0.2560096652490408
0.10238665954322981,-0.25989672977624784
0.0954042020668453,-0.2625992402739463
0.08967531203739842,-0.2683281303033933
0.08433734939759037,-0.27421894775952993
0.08089500860585198,-0.2808949574942684
0.08089500860585198,-0.28899683147125804
0.0789302645045786,-0.2962848817949051
0.0774526678141136,-0.30377471518298405
0.0774526678141136,-0.31187658915997174
0.0774526678141136,-0.31997846313695943
0.08089500860585198,-0.3266544728716997
0.08089500860585198,-0.3347563468486874
0.08600738613039588,-0.34074060471903617
0.09122203098106713,-0.34668250207591694
0.09122203098106713,-0.35478437605290464
0.09345764615076281,-0.3619602279063566
0.09918653618020842,-0.3676891179358022
0.1024813236926613,-0.3744262462399935
0.10499139414802065,-0.3814884149918604
0.10907089871756827,-0.38790050284837724
0.11479978874701494,-0.393629392877824
0.11531841652323581,-0.40151644419607924
0.11903582742479381,-0.4079173838209983
0.12670062783386613,-0.4089725727564136
0.13381371113652,-0.4113597246127367
0.14118312271699357,-0.41312804526432584
0.1469120127464411,-0.4188569352937732
0.14974182444061962,-0.42578666288806943
0.153184165232358,-0.43246267262280796
0.14974182444061962,-0.4391386823575482
0.14974182444061962,-0.4472405563345358
0.15163306369124427,-0.4545590533642219
0.15909245037328437,-0.45611015490533563
0.16719432435027196,-0.45611015490533563
0.1752961983272615,-0.45611015490533563
0.18339807230424773,-0.45611015490533563
0.19136813486067417,-0.4557919339861417
0.1981759560159753,-0.45266781411359724
0.20485196575071565,-0.44922547332185886
0.21157951977325024,-0.4459075714487808
0.21932488635218708,-0.4450468864533207
0.22505377638163268,-0.4393179964238751
0.23179090468582522,-0.43602320891142093
0.2385280329900164,-0.43272842139896806
0.24526516129420758,-0.42943363388651534
0.25099405132365454,-0.42370474385706836
0.25683417938637787,-0.41824440619621345
0.2634600696572913,-0.4146810663151701
0.26918895968673695,-0.40895217628572444
0.2736660929432014,-0.4027047916241173
0.2782126372286367,-0.39648615795208625
0.2815074247410895,-0.38974902964789515
0.28723631477053624,-0.38402013961844816
0.28809699976599673,-0.376274773039511
0.2913917872784506,-0.3695376447353188
0.2943201376936317,-0.36264873321568086
0.2943201376936317,-0.3545468592386951
0.2943201376936317,-0.3464449852617074
0.2938057481269725,-0.3385561784195716
0.2908777969018933,-0.33166710154997947
0.28965027561905965,-0.3240736835364434
0.2874354561101549,-0.3168892178382515
0.28306070059415234,-0.3105994269280595
0.2797659130816995,-0.3038622986238682
0.27647112556924575,-0.29712517031967595
0.27074223553980015,-0.29139628029023035
0.26501334551035327,-0.2856673902607836
0.25928445548090767,-0.279938500231338
0.2525473271767164,-0.2766437127188851
0.24681843714726953,-0.2709148226894383
0.24008130884307835,-0.2676200351769854
0.23334418053888709,-0.2643252476645325
0.2266070522346959,-0.26103046015207965
0.21986992393050472,-0.25773567263962693
0.21313279562631218,-0.25444088512717267
0.20639566732212092,-0.25114609761471995
0.20208709534071562,-0.245417207585274
0.20882422364490805,-0.24212242007281992
0.21573327230938658,-0.23924268502581755
0.22330671852803635,-0.23796694756490686
0.2305111560211122,-0.2358003442340792
0.2386130299980989,-0.2358003442340792
0.24671490397508836,-0.2358003442340792
0.25339091370982686,-0.2323580034423408
0.26149278768681455,-0.2323580034423408
0.2681687974215548,-0.22891566265060243
0.2762706713985425,-0.22891566265060243
0.2842614128847875,-0.22864736508423134
0.2910485551102686,-0.22547332185886404
0.29773566949317,-0.22205779005932574
0.3044727977973625,-0.2187630025468717
0.3112099261015537,-0.2154682150344188
0.31794705440574605,-0.21217342752196494
0.3258544680262138,-0.2117039586919105
0.3325304777609523,-0.2082616179001721
0.34063235173794,-0.2082616179001721
0.3487342257149277,-0.2082616179001721
0.35683609969191527,-0.2082616179001721
0.36493797366890485,-0.2082616179001721
0.37303984764589254,-0.2082616179001721
0.37990998703724216,-0.21123528824206134
0.3878177313576205,-0.2117039586919105
0.3959196053346082,-0.2117039586919105
0.4040214793115959,-0.2117039586919105
0.41212335328858346,-0.2117039586919105
0.41879936302332194,-0.21514629948364888
0.42690123700031146,-0.21514629948364888
0.43500311097729916,-0.21514629948364888
0.4416791207120376,-0.2117039586919105
0.4483551304467779,-0.2082616179001721
0.45534717627712307,-0.21094098006369796
0.45611015490533563,-0.21872681794507892
0.45611015490533563,-0.22682869192206662
0.45429107854716805,-0.2341770798005084
0.45266781411359724,-0.24160657563379456
0.45266781411359724,-0.24970844961078226
0.44927492104379374,-0.2564049412625745
0.44922547332185886,-0.2644863333225102
0.44922547332185886,-0.2725882072994979
0.44922547332185886,-0.2806900812764856
0.44922547332185886,-0.2887919552534733
0.4474055985834849,-0.2961400124320057
0.4457831325301205,-0.30356983896520123
0.4456842285925635,-0.3116307455898806
0.4423407917383821,-0.3183477226769274
0.44152875608465025,-0.326113240473009
0.43889845094664376,-0.3331256063886554
0.43889845094664376,-0.3412274803656411
0.43407849606428356,-0.3473328636603292
0.432013769363167,-0.3545794998351199
0.4285714285714286,-0.36125550956986036
0.4251290877796902,-0.3679315193045986
0.42168674698795183,-0.37460752903933714
0.41760455850201683,-0.38101850518128794
0.41430977098956395,-0.38775563348547903
0.41101498347711113,-0.3944927617896703
0.40528609344766553,-0.4002216518191159
0.3985489651434744,-0.4035164393315688
0.3928200751140274,-0.4092453293610156
0.387263339070568,-0.41504552790627336
0.3838209982788296,-0.4217215376410119
0.3805016100596749,-0.4284484759988449
0.3747727200302293,-0.4341773660282905
0.36904383000078234,-0.4399062560577375
0.36331493997133674,-0.4456351460871831
0.36002015245888397,-0.45237227439137423
0.35628227194492257,-0.4589258675649497
0.35628227194492257,-0.4670277415419374
0.35628227194492257,-0.4751296155189251
0.35628227194492257,-0.4832314894959146
0.35628227194492257,-0.4913333634729022
0.3548560424861209,-0.49884447386499786
0.35156125497366814,-0.505581602169189
0.34826646746121537,-0.5123187304733802
0.3459552495697074,-0.5194632666541071
0.342512908777969,-0.5261392763888456
0.3408162074408483,-0.5335383536607008
0.3350873174114014,-0.5392672436901477
0.3293584273819558,-0.5449961337195932
0.3236295373525102,-0.5507250237490389
0.3179006473230646,-0.5564539137784844
0.312171757293619,-0.5621828038079301
0.30543462898942647,-0.5654775913203842
0.29970573895998087,-0.5712064813498299
0.2929686106557892,-0.5745012688622831
0.28715864433430827,-0.5800344234079174
0.2804826345995698,-0.5834767641996558
0.2737654640179591,-0.5868197339166364
0.26702833571376783,-0.5901145214290894
0.259282969134831,-0.5909752064245494
0.25355407910538413,-0.5967040964539962
0.24567672168362642,-0.5972461273666093
0.23900071194888792,-0.6006884681583476
0.23132621764331798,-0.6017202539573705
0.22422282823715997,-0.6041308089500861
0.21754681850242147,-0.6075731497418244
0.20944494452543388,-0.6075731497418244
0.20236122787706184,-0.6100311989731964
0.19466706081370583,-0.6110154905335629
0.18787873299393254,-0.6141866714811105
0.17988917710197974,-0.6144578313253012
0.1717873031249902,-0.6144578313253012
0.1636854291480025,-0.6144578313253012
0.15588902840343832,-0.6151953089459593
0.1489075454362764,-0.6179001721170396
0.1408056714592887,-0.6179001721170396
0.1327037974823011,-0.6179001721170396
0.12460192350531342,-0.6179001721170396
0.11650004952832572,-0.6179001721170396
0.10839817555133617,-0.6179001721170396
0.10029630157434857,-0.6179001721170396
0.09291785749719672,-0.6196466863926484
0.08551841786262239,-0.621342512908778
0.0774165438856347,-0.621342512908778
0.06931466990864524,-0.621342512908778
0.06263866017390674,-0.6247848537005164
0.05453678619691905,-0.6247848537005164
0.0464349122199296,-0.6247848537005164
0.03970852971938192,-0.6281055838778642
0.03196316314044518,-0.6289662688733242
0.024981018773465,-0.6316695352839932
0.0183050090387265,-0.6351118760757315
0.010743539953124612,-0.6364165288936913
0.004952989569247744,-0.6419965576592083
-0.0017230201654907548,-0.6454388984509467
-0.00845960668470471,-0.6487349939480438
-0.015075039634969515,-0.6523235800344235
-0.020925625018341585,-0.6577586714899423
-0.025817555938037865,-0.663834241333798
-0.02994930256024125,-0.6702246898235803
-0.03324409007269532,-0.6769618181277729
-0.036538877585148205,-0.683698946431964
-0.039586919104991396,-0.6905382802727555
-0.039586919104991396,-0.698640154249745
-0.039586919104991396,-0.7067420282267327
-0.03432401560900747,-0.7126639361982214
-0.03270223752151463,-0.7200940476962095
-0.02925989672977625,-0.7267700574309481
-0.024439653071647624,-0.7328753211107963
-0.02114486555919483,-0.7396124494149876
-0.015415975529749227,-0.7453413394444333
-0.012048192771084338,-0.7520482321276564
-0.01862097163864274,-0.7555938037865749
-0.025449454133255958,-0.7525195647996185
-0.03197299110811964,-0.7555938037865749
-0.03864900084285814,-0.7521514629948365
-0.046669077320576624,-0.7523489396269448
-0.053426884554586086,-0.7555938037865749
-0.06152875853157378,-0.7555938037865749
-0.06963063250856323,-0.7555938037865749
-0.07664230536157951,-0.7582257821257792
-0.08337943366577077,-0.7615205696382321
-0.09011656196996186,-0.7648153571506848
-0.09685369027415312,-0.7681101446631377
-0.10359081857834558,-0.7714049321755918
-0.11032794688253685,-0.7746997196880446
-0.11605683691198244,-0.7804286097174902
-0.1217857269414306,-0.7861574997469383
-0.12828885587896582,-0.7900172117039587
-0.13181764275807475,-0.7961894155635826
-0.13754653278752035,-0.8019183055930281
-0.14084132029997307,-0.8086554338972193
-0.14629948364888123,-0.8144964625894416
-0.14974182444061962,-0.8211724723241801
-0.15315978535432562,-0.8278585805350486
-0.15645457286677988,-0.8345957088392412
-0.1566265060240964,-0.8426263657706466
-0.15817594285770004,-0.8500864419971148
-0.16006884681583478,-0.8574042494823727
-0.16006884681583478,-0.8655061234593604
-0.16006884681583478,-0.87360799743635
-0.16296958985861207,-0.8800596700381177
-0.16006884681583478,-0.8869600169058268
-0.1588141173506978,-0.8945421649212472
-0.15773368220994785,-0.9012792932254384
-0.159109223909269,-0.9080164215296295
-0.1558144363968161,-0.9147535498338207
-0.1500855463673705,-0.9204824398632664
-0.14629948364888123,-0.9270160753142613
-0.14349597134246356,-0.93395669647165
-0.1394148020654045,-0.9403680947837384
-0.13447229380056389,-0.9464227148052882
-0.1287434037711181,-0.9521516048347339
-0.12301451374167131,-0.9578804948641807
-0.11728562371222571,-0.9636093848936264
-0.11155673368278012,-0.9693382749230719
-0.10582784365333334,-0.9750671649525189
-0.09949830264793584,-0.9793459552495697
-0.09282229291319734,-0.9827882960413081
-0.08662469701550402,-0.9873856300068713
-0.07947027344371858,-0.9896729776247849
-0.07279426370898008,-0.9931153184165232
-0.06611825397424159,-0.9965576592082617
-0.05801637999725389,-0.9965576592082617
-0.05134037026251363,-1
-0.04323849628552594,-1
-0.03513662230853825,-1
-0.027034748331548796,-1
-0.0189328743545611,-1
